928,108,0.915,0.259342,352932,4.02625e+06,102.593
911,90,0.913907,0.805747,352982,4.02622e+06,49.9259
905,84,0.907801,0.907323,352991,4.02616e+06,50.2395
935,114,0.887574,0.941101,352918,4.02631e+06,51.5877
902,81,0.885117,0.702838,353040,4.02614e+06,53.5662
853,28,0.877698,0.878195,353108,4.02594e+06,98.9443
877,56,0.876011,0.865844,353052,4.02608e+06,49.3068
1881,914,0.875,0.257218,352969,4.02619e+06,50.6688
1857,119,0.861048,0.327941,352896,4.02628e+06,52.1316
1882,913,0.858586,0.27003,352972,4.02618e+06,50.6471
927,108,0.854592,0.263515,352985,4.02624e+06,55.2048
849,23,0.852665,0.308602,353122,4.02597e+06,47.8228
863,40,0.850806,0.94839,353137,4.02599e+06,52.6747
1888,907,0.84507,0.262332,352987,4.02616e+06,50.7213
858,34,0.828452,0.391084,353093,4.02596e+06,47.5411
1805,170,0.828025,0.154235,352741,4.02639e+06,56.3853
1806,170,0.827586,0.1614,352743,4.02639e+06,56.4117
1796,182,0.823691,0.36159,352698,4.0264e+06,56.6007
886,66,0.821782,0.848348,353031,4.02608e+06,49.7215
854,29,0.821429,0.237088,353111,4.026e+06,47.6468
753,693,0.818182,0.963849,353102,4.02569e+06,50.8656
880,61,0.817935,0.669453,353042,4.02606e+06,49.1577
869,48,0.817869,0.340738,353113,4.02602e+06,52.1988
2371,970,0.815657,0.741911,352895,4.02635e+06,52.7343
870,48,0.812734,0.90642,353068,4.02602e+06,92.4981
861,37,0.8125,0.807331,353086,4.02598e+06,103.934
2426,108,0.808901,0.20397,352932,4.02624e+06,51.7446
865,44,0.807547,0.832822,353078,4.02606e+06,47.8481
859,35,0.804255,0.812102,353090,4.02597e+06,47.589
837,5,0.80109,0.855268,353191,4.02588e+06,52.7781
2397,130,0.787611,0.118494,352857,4.02632e+06,53.5213
929,108,0.777273,0.278816,352935,4.02629e+06,50.8466
1933,865,0.776892,0.18409,353084,4.02597e+06,48.3182
855,30,0.771536,0.774792,353159,4.02595e+06,52.3807
750,689,0.770718,0.777025,353089,4.02569e+06,54.1029
2425,107,0.770574,0.196819,352933,4.02624e+06,51.6439
2951,2069,0.770115,0.660615,353522,4.02598e+06,51.2188
878,57,0.769648,0.918447,353047,4.02605e+06,49.3175
912,91,0.767981,0.902842,353023,4.02618e+06,54.0762
856,31,0.764925,0.903675,353100,4.02595e+06,104.76
864,40,0.764228,0.736111,353079,4.026e+06,105.82
1934,42,0.761566,0.190395,353086,4.02597e+06,48.2366
761,699,0.753191,0.720269,353083,4.0257e+06,51.296
845,19,0.744505,0.242763,353129,4.02596e+06,48.3456
2373,966,0.739234,0.673655,352885,4.02635e+06,52.6183
862,40,0.738281,0.91486,353086,4.02604e+06,47.637
2429,1869,0.735892,0.87642,352935,4.02623e+06,52.4265
916,87,0.733696,0.673846,353022,4.02618e+06,54.1889
1787,196,0.72987,0.487747,352662,4.02641e+06,58.7972
749,689,0.729223,0.729969,353053,4.02572e+06,50.8143
1803,171,0.72695,0.256448,352735,4.02639e+06,56.5285
1782,204,0.719008,0.530051,352645,4.02642e+06,59.1245
918,93,0.706371,0.708196,352969,4.02625e+06,50.3127
1867,107,0.700713,0.215905,352930,4.02624e+06,51.4782
1931,40,0.692641,0.266763,353083,4.02597e+06,48.3049
836,5,0.690608,0.825052,353152,4.02592e+06,48.9225
751,690,0.687679,0.91674,353055,4.02569e+06,89.2564
1363,1272,0.685775,0.746391,353080,4.02679e+06,55.7909
1451,1388,0.682857,0.431341,352995,4.0268e+06,85.7583
1926,859,0.677885,0.220748,353082,4.02598e+06,48.5744
1936,42,0.670498,0.161031,353090,4.02596e+06,48.3973
1774,212,0.66506,0.66866,352620,4.02644e+06,58.3231
756,694,0.659751,0.830639,353069,4.0257e+06,51.0603
754,693,0.657795,0.991514,353065,4.02569e+06,50.9723
2433,1869,0.657563,0.786313,352937,4.02623e+06,52.389
838,7,0.644022,0.916864,353144,4.02588e+06,95.71
866,40,0.630435,0.683655,353132,4.02599e+06,52.7189
840,9,0.630372,0.912593,353190,4.02589e+06,52.8233
906,85,0.621315,0.894065,352989,4.02616e+06,50.2983
1930,864,0.606335,0.132758,353081,4.02598e+06,48.3548
1880,96,0.600509,0.182261,352964,4.0262e+06,50.7702
1876,91,0.599515,0.208677,352964,4.0262e+06,50.8893
747,687,0.596045,0.883547,353043,4.02569e+06,89.3995
1912,877,0.595808,0.28559,353046,4.02605e+06,49.8999
904,83,0.593824,0.76569,352994,4.02615e+06,50.1767
2863,1931,0.586066,0,353224,4.02589e+06,50.0305
758,696,0.585551,0.934915,353075,4.0257e+06,50.8755
1035,905,0.576555,0,353045,4.91547e+45,56.4234
2447,821,0.57631,0,353071,4.02602e+06,49.6649
1098,43,0.572347,0,5.73678e+45,4.02633e+06,58.5275
860,30,0.563433,0.535782,353152,4.02596e+06,52.4752
1979,1126,0.560773,0,353282,4.02623e+06,55.7704
1985,1184,0.557864,0,353225,4.02635e+06,59.0536
1935,861,0.555133,0.203544,353092,4.02596e+06,48.2799
903,82,0.55443,0.706707,352996,4.02615e+06,91.3605
585,474,0.550152,0,352710,4.02594e+06,53.798
1928,30,0.549107,0.130719,353093,4.02596e+06,48.4279
759,698,0.548936,0.932405,353079,4.0257e+06,51.1476
2437,1872,0.542373,0.828612,352942,4.02622e+06,52.2817
1968,1069,0.541333,0,353197,4.02615e+06,56.6913
2763,1993,0.54,0.789402,353269,4.02583e+06,48.3516
117,9,0.538462,0,353017,4.02609e+06,50.2345
2801,1991,0.537391,0.464115,353259,4.02583e+06,48.3952
2007,690,0.531365,0,353185,4.02577e+06,50.1429
915,66,0.523573,0.106351,353006,4.02618e+06,49.9662
1065,1007,0.523529,0,353082,4.02645e+06,5.41306e+45
2424,108,0.515513,0.13734,352930,4.02624e+06,51.7268
1781,208,0.498638,0.561889,352638,4.02643e+06,59.0028
872,50,0.496711,0.706229,353067,4.02607e+06,48.5008
2045,590,0.496241,0,353102,4.02587e+06,51.4141
1988,1030,0.495413,0,353165,4.02615e+06,55.3317
1884,911,0.49505,0.178536,352977,4.02618e+06,50.5964
2719,2010,0.492424,0.753216,353338,4.02586e+06,49.2385
2379,963,0.485646,0.925794,352873,4.02634e+06,52.7188
1795,65,0.482234,0,352853,4.02625e+06,53.6971
1113,859,0.47973,0,353240,4.02633e+06,5.91972e+45
922,101,0.47216,0.907051,352953,4.02627e+06,50.5792
1981,691,0.47139,0.0128811,353133,4.02575e+06,49.7742
1731,318,0.469256,0,352508,4.02641e+06,56.4411
1896,18,0.464516,0,353063,4.02602e+06,50.2038
881,60,0.464481,0.319746,353042,4.02606e+06,49.1906
908,87,0.463807,0.937031,352985,4.02617e+06,93.174
574,395,0.457516,0,352685,4.02598e+06,50.6187
852,171,0.457249,0,352880,4.02622e+06,52.946
2682,288,0.457143,0,352910,4.02612e+06,53.0078
2405,868,0.456633,0,352971,4.02616e+06,50.743
786,2,0.455696,0.076821,353187,4.02581e+06,52.5378
137,31,0.449519,0,6.0021e+45,1.45535e+37,2.43245e+06
1602,1032,0.449275,0,352961,4.02658e+06,5.41478e+45
2714,2579,0.442149,0,353301,4.02602e+06,49.8768
1142,397,0.440129,0,352945,4.02633e+06,5.15427e+45
2441,682,0.433234,0,352992,4.0259e+06,51.6004
1784,198,0.422886,0.41313,352655,4.02642e+06,59.0299
1865,972,0.421951,0.246969,352912,4.02631e+06,52.8639
1452,1385,0.420195,0.347059,353004,4.02682e+06,56.9719
2864,581,0.419753,0,353077,4.02584e+06,50.2982
2910,859,0.417989,0,353294,4.02594e+06,49.6836
850,25,0.416949,0.335884,353165,4.02593e+06,52.2655
2013,694,0.416342,0,353192,4.02577e+06,50.4745
2825,407,0.415584,0,352902,4.02591e+06,51.02
1908,881,0.414634,0.182043,353038,4.02606e+06,49.6815
1068,39,0.413681,0,353146,7.30425e+45,56.4097
739,299,0.403183,0,352724,4.02605e+06,53.4004
2387,10,0.398438,0,352988,4.02613e+06,51.0076
2430,1037,0.397938,0,353025,4.02637e+06,57.9637
2032,753,0.395349,0,353222,4.02579e+06,50.4415
873,52,0.391026,0.747776,353102,4.02603e+06,52.4642
1994,743,0.390777,0,353154,4.02575e+06,49.3792
2909,831,0.390533,0,353305,4.02588e+06,50.5282
2930,2611,0.378378,0,353378,4.02604e+06,50.8491
2764,1394,0.373514,0,353105,4.0264e+06,53.4784
832,380,0.373457,0,352850,4.02596e+06,57.0118
1459,1034,0.372822,0,353090,4.02666e+06,62.142
2905,1386,0.372549,0,353167,4.02645e+06,55.067
913,66,0.37123,0.127057,353004,4.02613e+06,92.8747
1963,45,0.371014,0,353118,4.02592e+06,48.7525
857,30,0.370229,0.696063,353101,4.02595e+06,47.5397
1739,171,0.368902,0,352662,4.02645e+06,58.3087
2879,58,0.365741,0,353191,4.02597e+06,50.0573
1549,406,0.364198,0,352843,4.02639e+06,62.5162
2403,1847,0.36342,0.872862,352868,4.0263e+06,52.9854
1949,29,0.362832,0.138812,353120,4.02591e+06,48.7544
2720,225,0.362637,0,352931,4.02617e+06,54.487
2126,855,0.362117,0,353270,4.02607e+06,47.5831
1807,168,0.361345,0.284359,352747,4.02639e+06,56.3925
896,117,0.360656,0.0291145,352961,4.02619e+06,50.8246
544,169,0.359477,0,352718,4.02613e+06,53.457
2036,504,0.357388,0,352998,4.02589e+06,53.0578
2869,532,0.355932,0,352918,4.02581e+06,52.0542
884,697,0.352713,0,353056,4.02589e+06,50.149
2422,1866,0.351351,0.792263,352923,4.02624e+06,52.7333
923,62,0.349882,0.029096,353042,4.02614e+06,53.5441
2377,963,0.347319,0.461682,352875,4.02634e+06,52.6866
2398,966,0.347305,0.572785,352871,4.02633e+06,53.8016
2006,1283,0.347222,0,353212,4.02636e+06,53.2158
1801,976,0.33913,0,352814,4.02638e+06,55.3894
2708,118,0.338323,0,353129,4.02608e+06,50.5219
1348,578,0.336756,0,5.45469e+45,4.02638e+06,53.0835
2709,198,0.334405,0,352986,4.02617e+06,53.9522
961,30,0.331288,0,352975,4.02617e+06,99.4657
1070,162,0.331269,0,352928,4.02642e+06,5.2498e+45
867,168,0.330144,0,352871,4.02625e+06,90.2757
664,214,0.327366,0,352818,4.02598e+06,54.0408
1790,178,0.327027,0.388154,352696,4.0264e+06,57.2811
1853,1052,0.325905,0,353029,4.0264e+06,59.4988
1975,986,0.324607,0,353064,4.02611e+06,51.1546
843,57,0.324484,0.0294296,353125,4.02598e+06,52.5006
2409,908,0.321256,0.0466647,352936,4.02622e+06,51.5466
2369,972,0.319892,0.821161,352903,4.02636e+06,52.8222
588,375,0.319783,0,352733,4.02593e+06,57.0795
663,30,0.319035,0,353022,4.02575e+06,49.4481
700,565,0.318898,0,352928,4.02582e+06,49.9827
2165,848,0.317365,0,353268,4.02617e+06,49.4828
2039,855,0.314394,0,353290,4.02593e+06,49.2445
1879,86,0.312,0.209909,352975,4.02618e+06,50.8383
789,57,0.310078,0,353096,4.02592e+06,87.3073
742,20,0.307246,0,353076,4.02579e+06,92.9854
952,137,0.304933,0.546767,352850,4.02637e+06,53.0431
626,439,0.30099,0,352750,4.0259e+06,58.1491
1540,302,0.300926,0,352740,4.02655e+06,59.3231
851,89,0.300699,0,353043,4.02606e+06,97.0497
1868,1757,0.298701,0,352705,4.0264e+06,59.8657
452,120,0.298535,0,352716,4.02615e+06,52.9276
2753,1030,0.298214,0,353184,4.02613e+06,54.6246
2941,2052,0.29602,0.853206,353489,4.02595e+06,50.5355
1405,116,0.295745,0,5.02047e+45,4.02658e+06,55.5187
899,12,0.294118,0,353068,4.02607e+06,49.2157
757,694,0.294118,0.89697,353071,4.0257e+06,51.0828
2685,850,0.292566,0,353248,4.02592e+06,48.9723
1495,1343,0.292225,0.462728,353152,4.0268e+06,60.4797
1340,974,0.288184,0,353026,5.3688e+45,54.1222
2442,58,0.287234,0.00824069,353004,4.02612e+06,50.1111
1887,699,0.285047,0,353033,4.02593e+06,51.1998
1932,41,0.283784,0.193205,353084,4.02597e+06,48.3036
2391,658,0.281659,0,352906,4.02596e+06,51.7711
2851,2507,0.280443,0,353188,4.02612e+06,52.6361
1107,111,0.278772,0,353152,4.02643e+06,58.3978
1049,998,0.277419,0.0120846,5.02405e+45,4.02645e+06,60.7619
1056,582,0.27673,0,352993,5.96177e+45,57.9946
2871,2306,0.276423,0,353196,4.02612e+06,52.3059
2722,2011,0.276265,0.824271,353335,4.02586e+06,49.1118
1354,956,0.273942,0,352992,4.02657e+06,54.3502
1258,1130,0.273109,0,353180,4.02672e+06,4.8962e+45
2438,2272,0.271635,0,353073,4.02628e+06,54.2499
609,42,0.27044,0,352997,4.02587e+06,54.6154
2058,968,0.270202,0,353217,4.02614e+06,51.6452
2865,1181,0.268817,0,353271,4.02636e+06,60.3691
940,838,0.26824,0,353063,4.02608e+06,54.3148
968,876,0.267045,0,353016,4.02619e+06,54.5064
2116,1677,0.266409,0,353017,4.02643e+06,57.2303
844,17,0.264095,0.815275,353128,4.02591e+06,94.8749
2757,1197,0.263566,0,353233,4.02632e+06,58.0013
2003,1164,0.261194,0,353291,4.02626e+06,57.8272
677,379,0.261017,0,352760,4.02587e+06,54.4988
1855,941,0.258993,0.265163,352890,4.02628e+06,52.1535
1848,852,0.258741,0,352986,4.02612e+06,50.3011
1792,120,0.256098,0,352777,4.02635e+06,55.163
1613,640,0.254795,0,352845,4.56708e+45,59.4582
1001,893,0.254113,0,353044,4.02627e+06,58.0753
1996,1699,0.251969,0,352904,4.02628e+06,57.9536
2386,894,0.249035,0,352938,4.02622e+06,51.7738
366,97,0.248927,0,352796,4.02612e+06,56.4005
907,85,0.24714,0.836203,352988,4.02616e+06,53.9569
2445,45,0.246684,0,353013,4.02612e+06,49.9739
1986,868,0.246667,2.22551e-05,353151,4.02592e+06,48.3228
2945,226,0.246377,0,353061,4.02618e+06,54.832
2729,2006,0.245059,0.705568,353322,4.02585e+06,49.002
1948,840,0.244713,0.158809,353132,4.02589e+06,48.987
2399,699,0.244533,0,352972,4.026e+06,52.8366
1786,1361,0.24359,0,352885,4.02661e+06,57.5811
1875,920,0.24282,0.24878,352953,4.02621e+06,51.277
1859,1111,0.242647,0,353145,4.02644e+06,58.1923
1925,94,0.242574,0,353015,4.0261e+06,49.8826
592,189,0.237968,0,352766,4.02612e+06,54.4821
2147,1784,0.235669,0,353034,4.02634e+06,55.7671
887,66,0.234867,0.899603,353030,4.02609e+06,49.8217
1377,86,0.234332,0,353010,4.02653e+06,54.4426
2014,1765,0.234201,0,352903,4.02621e+06,56.9775
1856,706,0.234091,0,352991,4.02599e+06,51.6611
1929,1002,0.233645,0,353028,4.02624e+06,54.6185
1010,175,0.233333,0,352910,4.02641e+06,61.2465
104,44,0.232824,0,353004,4.02612e+06,49.145
2370,970,0.232614,0.503114,352897,4.02635e+06,52.7104
1802,904,0.232472,0,352846,4.02629e+06,53.8725
1130,439,0.231076,0,352906,4.02629e+06,5.31826e+45
1788,926,0.229917,0,352781,4.02634e+06,55.527
597,544,0.228792,0,352755,4.02581e+06,84.664
2907,1010,0.228758,0,353198,4.0262e+06,56.8031
2337,21,0.227273,0,353060,4.02617e+06,51.1069
2852,1133,0.227273,0,353317,4.02623e+06,56.5847
2311,2202,0.225806,0,353165,4.02635e+06,53.0052
2915,365,0.225166,0,353019,4.02598e+06,52.4625
2885,49,0.224335,0,353226,4.02595e+06,49.7865
868,694,0.224,0,353074,4.02588e+06,49.7689
2783,554,0.222772,0,352952,4.02583e+06,49.3548
1921,1042,0.222222,0,353089,4.02627e+06,56.9296
889,353,0.221498,0,352777,4.02609e+06,52.8122
698,39,0.219424,0,353081,4.02582e+06,97.2593
1742,732,0.21875,0,352799,4.0261e+06,56.9896
514,73,0.217494,0,352807,4.02596e+06,90.7071
1072,159,0.216828,0,5.06948e+45,4.02642e+06,60.1735
2873,2290,0.216,0,353207,4.02614e+06,53.4606
2055,1052,0.214286,0,353333,4.02621e+06,57.3187
2710,1513,0.214286,0,353250,4.02629e+06,55.9533
926,107,0.213523,0.721023,352941,4.02629e+06,50.5179
2800,2426,0.213235,0,353107,4.02602e+06,50.2697
919,724,0.211982,0,353045,4.02596e+06,54.8733
2861,2276,0.211055,0,353211,4.02614e+06,53.83
931,220,0.21097,0,352799,4.02634e+06,59.3258
1448,782,0.21,0,353088,4.02632e+06,56.4181
2900,2588,0.209877,0,353333,4.02603e+06,51.6419
1850,48,0.209726,0,352977,4.02615e+06,50.3698
1365,859,0.209567,0,5.65439e+45,4.02646e+06,52.6726
948,26,0.2079,0,353030,4.02613e+06,54.0468
2144,353,0.207792,0,352981,4.02618e+06,53.1227
659,258,0.207483,0,352753,4.02603e+06,57.4204
2384,1186,0.207436,0,353050,4.02654e+06,60.114
573,34,0.206751,0,352926,4.0259e+06,100.941
551,491,0.20625,0.0141388,352688,4.02586e+06,55.7292
2023,1160,0.205645,0,353322,4.02631e+06,58.4182
2671,2271,0.204918,0,353230,4.02615e+06,53.4922
2897,1111,0.204545,0,353373,4.02628e+06,57.813
2784,1440,0.204283,0,353091,4.02639e+06,53.7307
2446,1717,0.203947,0,352740,4.02644e+06,56.6016
2193,964,0.203883,0,353097,4.02634e+06,51.287
1621,536,0.203704,0,352730,4.02627e+06,86.6354
792,284,0.203562,0,352786,4.02612e+06,52.8339
1941,740,0.202985,0,353071,4.0258e+06,50.1169
2896,10,0.202899,0,353276,4.02589e+06,50.0822
2734,2251,0.2,0,353248,4.02607e+06,51.7573
2070,1437,0.2,0,353197,4.02646e+06,54.9185
941,651,0.199557,0,352914,4.02595e+06,95.1784
1717,475,0.198225,0,352569,4.02629e+06,58.9817
1783,1160,0.195122,0,352949,4.02656e+06,62.6641
2742,1142,0.194103,0,353299,4.02624e+06,56.358
1901,1787,0.19403,0,352839,4.02625e+06,55.9322
2939,1443,0.192308,0,353197,4.02643e+06,54.6356
744,684,0.190361,0.569832,353038,4.02572e+06,50.6966
2001,1784,0.190299,0,352966,4.02614e+06,54.6723
1151,730,0.19,0,353150,5.06509e+45,59.3122
2057,996,0.188917,0,353251,4.02616e+06,52.9602
2418,654,0.188764,0,352926,4.02594e+06,51.1526
2768,1404,0.1881,0,353107,4.02637e+06,53.9641
2717,2014,0.188034,0.807244,353346,4.02587e+06,49.2727
349,41,0.1875,0,352764,4.0261e+06,52.0565
203,24,0.18593,0,5.78024e+45,1.40858e+37,1.29451e+06
2528,855,0.18541,0,353137,4.02616e+06,51.8133
2762,2146,0.184874,0,353340,4.02606e+06,50.0744
1831,654,0.184397,0,352873,4.02602e+06,52.8451
2706,2326,0.183544,0,353194,4.02614e+06,52.5626
1066,931,0.181538,0,353050,4.02636e+06,57.6022
2067,614,0.180952,0,353231,4.02588e+06,50.4345
2867,1403,0.180952,0,353132,4.02641e+06,55.3631
2859,2319,0.180328,0,353166,4.02612e+06,53.493
2394,1810,0.180139,0.160018,352796,4.02636e+06,55.6914
673,121,0.179551,0,352947,4.02593e+06,51.5121
2614,1028,0.179487,0,353202,4.02625e+06,55.2017
2824,2011,0.179002,0.231405,353295,4.02584e+06,48.8194
525,168,0.178439,0,352704,4.02611e+06,86.9891
2053,675,0.178295,0,353240,4.0258e+06,50.6571
2413,606,0.177725,0,352872,4.02602e+06,53.4797
1153,330,0.176056,0,352921,4.02646e+06,6.01849e+45
2151,1047,0.175824,0,353267,4.02639e+06,57.7572
752,39,0.175595,0,353072,4.02585e+06,49.4688
1775,73,0.175342,0,352824,4.02627e+06,53.7463
713,70,0.175182,0,353048,4.02595e+06,50.7769
358,279,0.173913,0,352493,4.02623e+06,100.037
539,316,0.173267,0,352597,4.02596e+06,86.3118
2059,1802,0.17207,0,353089,4.02619e+06,53.8649
2817,1028,0.171617,0,353169,4.02613e+06,54.4348
1122,216,0.171504,0,352983,6.00503e+45,59.8925
2040,553,0.171429,0,353025,4.02586e+06,50.3722
2695,1806,0.171371,0,352993,4.02619e+06,53.7619
942,639,0.170576,0,352907,4.02602e+06,51.2112
967,372,0.168421,0,352714,4.02622e+06,54.3613
1649,1432,0.168254,0,352862,4.02672e+06,89.4584
580,13,0.167683,0,353013,4.02587e+06,53.457
1280,181,0.166282,0,352900,4.02659e+06,4.53154e+45
2791,2295,0.16458,0,353171,4.0261e+06,51.0442
2376,42,0.163017,0,352958,4.0262e+06,50.5672
2345,1384,0.162963,0,352997,4.02665e+06,55.8515
842,176,0.162722,0,352899,4.02623e+06,53.0015
2874,2333,0.162338,0,353160,4.02617e+06,53.6822
1947,1816,0.160494,0,352910,4.02619e+06,54.1819
1735,120,0.160428,0,352725,4.02642e+06,56.1287
1061,219,0.160221,0,352863,4.02646e+06,61.7452
2142,2012,0.159892,0,353378,4.02606e+06,50.1171
1956,799,0.159021,0.453914,353159,4.02582e+06,49.5004
1240,423,0.157333,0,352930,3.64478e+45,59.1515
2876,2180,0.156463,0,353349,4.02617e+06,52.1408
1892,36,0.155738,0,353033,4.02607e+06,49.7307
2596,860,0.154423,0,353216,4.02607e+06,51.2091
1264,50,0.154116,0,353065,4.69936e+45,53.1632
2733,2096,0.154079,0,353416,4.02597e+06,48.8768
267,142,0.153518,0,352646,4.02637e+06,55.4966
1424,265,0.152672,0,352736,4.02667e+06,57.9309
2300,554,0.151659,0,352872,4.02605e+06,51.5048
893,765,0.151163,0,353056,4.02591e+06,51.1105
1866,225,0.150588,0,352734,4.02634e+06,56.2249
1389,750,0.150442,0,353018,4.02627e+06,54.0888
888,282,0.149871,0,352743,4.02622e+06,53.3257
2854,840,0.149635,0.0057599,353224,4.02585e+06,49.1746
1810,1646,0.14939,0,352769,4.02651e+06,61.7426
1913,1031,0.149254,0,353063,4.02623e+06,55.3317
1826,1232,0.148607,0,353014,4.02659e+06,60.8307
2690,1810,0.148248,0,353010,4.02618e+06,53.7777
2435,870,0.147465,0,353005,4.02612e+06,50.3535
2152,965,0.147117,0,353165,4.02631e+06,51.9606
953,171,0.147059,0.0581867,352824,4.02636e+06,57.9172
2287,178,0.145161,0,352919,4.02637e+06,55.9086
1126,614,0.144165,0,353117,4.02621e+06,56.3665
532,318,0.144144,0,352587,4.02596e+06,89.7067
1470,379,0.143617,0,352825,4.02641e+06,88.8662
1245,749,0.143488,0,353085,4.02634e+06,3.86238e+45
932,81,0.143243,0.110888,352962,4.0262e+06,93.7796
1998,81,0.142857,0,353147,4.02599e+06,49.4464
2088,862,0.142523,0,353352,4.02603e+06,48.8868
1733,1185,0.141975,0,352919,4.02666e+06,63.9239
2328,920,0.141136,0.00160071,352985,4.02631e+06,53.0248
2718,2093,0.140969,0,353441,4.02598e+06,49.2426
1064,44,0.140762,0,353134,6.90955e+45,56.4123
1095,187,0.140575,0,353003,4.02648e+06,4.90968e+45
2392,1924,0.140426,0,352949,4.02618e+06,51.5808
1104,670,0.140299,0,4.50036e+45,4.02607e+06,57.2553
2056,189,0.139651,0,353107,4.02617e+06,53.7182
1127,166,0.139013,0,4.66332e+45,4.02649e+06,58.8838
1139,158,0.138889,0,353003,4.62309e+45,59.8435
879,379,0.138743,0,352790,4.02604e+06,53.5393
594,537,0.137809,0.0194051,352775,4.0258e+06,54.5302
2456,2051,0.137767,0,353254,4.02609e+06,51.4557
2698,2353,0.137056,0,353175,4.02613e+06,50.7448
2713,2590,0.136986,0,353310,4.02603e+06,50.6869
1596,1200,0.136986,0,4.76139e+45,4.02672e+06,65.7827
2364,1309,0.135231,0,353093,4.02661e+06,55.925
2855,1999,0.133588,0.679208,353300,4.02583e+06,49.4888
517,30,0.133495,0,352819,4.02591e+06,52.2451
2411,2062,0.133475,0,353234,4.02611e+06,51.7978
2766,1095,0.132616,0,353288,4.02621e+06,57.522
1915,39,0.132296,0.147973,353063,4.02601e+06,49.2125
1473,215,0.13197,0,352909,4.02668e+06,58.6271
591,304,0.131653,0,352671,4.02602e+06,90.1377
1071,371,0.13141,0,352835,4.02623e+06,59.7826
1391,399,0.128378,0,4.44551e+45,4.02643e+06,55.2658
729,631,0.128261,0.0274607,353015,4.02571e+06,55.225
2012,730,0.128205,0,353164,4.02577e+06,51.4197
2530,1371,0.128205,0,353104,4.02655e+06,55.5729
683,403,0.127717,0,352821,4.02583e+06,52.2405
2725,1914,0.126126,0,353168,4.02596e+06,49.792
994,366,0.123867,0,352764,4.02623e+06,98.0378
2500,2223,0.123404,0.213779,353150,4.02632e+06,54.7058
755,181,0.122881,0,352876,4.02607e+06,53.6985
1442,118,0.122112,0,352945,4.02662e+06,55.4497
2724,196,0.121771,0,352966,4.02616e+06,53.8929
2751,2254,0.120921,0,353229,4.02608e+06,51.5665
1305,378,0.120805,0,352874,4.0264e+06,56.7598
1046,177,0.120763,0,352921,4.45291e+45,59.9166
2408,141,0.12069,0.0945177,352849,4.02632e+06,53.998
2849,1008,0.119454,0,353132,4.02616e+06,55.2079
2902,960,0.11875,0,353144,4.02611e+06,52.4198
2482,298,0.118098,0,352744,4.0263e+06,55.1505
1221,1009,0.117296,0,3.95437e+45,4.0266e+06,62.2882
2946,1015,0.11691,0,353263,4.02621e+06,55.9938
1823,1197,0.116883,0,353007,4.02654e+06,61.6313
1287,210,0.115385,0,352904,4.78835e+45,58.0555
426,208,0.114726,0,352616,4.02624e+06,56.465
2831,2630,0.114607,0,353253,4.02597e+06,50.0954
2938,172,0.114441,0,353066,4.0262e+06,53.5685
2669,1052,0.114165,0,353237,4.02622e+06,57.9299
281,39,0.113801,0,352717,4.0262e+06,53.002
186,19,0.112717,0,1.29847e+37,5.1745e+06,5.32819e+45
2510,399,0.112701,0,352891,4.02618e+06,53.9436
177,31,0.112583,0,1.50815e+06,5.40248e+45,1.31672e+37
2201,283,0.11245,0,352880,4.02634e+06,54.1047
373,131,0.11147,0,352698,4.02616e+06,54.3048
2009,422,0.111111,0,352945,4.02591e+06,51.695
1009,39,0.11093,0,353044,4.0263e+06,55.4034
1755,283,0.110697,0.00139752,352525,4.02643e+06,61.4019
1148,730,0.110251,0,353153,4.02615e+06,59.1166
1186,732,0.10951,0,353118,4.02621e+06,4.66993e+45
1306,4,0.10929,0,4.87867e+45,4.02639e+06,53.4484
628,42,0.109131,0,352975,4.02585e+06,101.645
620,447,0.108747,0,352711,4.02595e+06,52.9249
2659,702,0.108607,0,353189,4.02585e+06,50.5868
415,203,0.107759,0,352623,4.02617e+06,57.0945
1872,390,0.107527,0,352737,4.02611e+06,53.9008
2840,605,0.107463,0,353041,4.0258e+06,51.5194
1487,387,0.107143,0,352898,4.02645e+06,89.6127
2092,938,0.107004,0,353228,4.02617e+06,50.5693
171,36,0.106918,0,1.23188e+37,5.11362e+06,5.05408e+45
1951,0,0.10585,0.164651,353145,4.02587e+06,49.3347
1033,405,0.105651,0,352830,4.02621e+06,57.3093
2519,1430,0.104478,0,353039,4.02657e+06,57.5717
2750,204,0.10325,0,352966,4.02612e+06,53.6648
1272,31,0.10262,0,353088,4.02647e+06,52.5401
745,687,0.1025,0.855232,353080,4.02568e+06,53.9793
1180,223,0.102339,0,4.65169e+45,4.02659e+06,63.6138
516,221,0.102174,0,352627,4.02609e+06,57.0176
1397,258,0.102138,0,4.14254e+45,4.02663e+06,58.0907
2010,1510,0.102041,0,353237,4.02628e+06,56.6255
1034,223,0.101695,0,5.05339e+45,4.02645e+06,60.6489
2175,1309,0.101338,0,353276,4.02659e+06,55.2697
841,11,0.10119,0.887895,353137,4.0259e+06,98.2863
1510,118,0.101124,0,353010,4.02649e+06,104.492
1653,1019,0.100865,0,352906,4.02655e+06,66.3105
1380,516,0.100304,0,352846,3.69938e+45,56.364
1019,193,0.1,0,352864,4.02643e+06,59.4638
2194,1762,0.0997783,0,352887,4.02642e+06,58.0623
2141,406,0.099723,0,352968,4.0261e+06,51.9871
2665,1753,0.0992167,0,352853,4.0263e+06,59.2045
938,790,0.0991561,0,353034,4.02602e+06,92.6282
957,828,0.0991189,0,353059,4.02609e+06,54.773
2496,2168,0.0986965,0,353235,4.02633e+06,52.9011
503,16,0.0985626,0,352845,4.02589e+06,94.2472
2844,376,0.0984615,0,352866,4.02594e+06,53.3294
1246,261,0.0981595,0,352852,4.02662e+06,58.6429
401,34,0.0967742,0,352797,4.02598e+06,50.8323
1989,1119,0.0965909,0,353307,4.02622e+06,55.4008
2950,1768,0.0965392,0,353089,4.0262e+06,54.943
2356,354,0.0956522,0,352741,4.02624e+06,53.7567
2180,1614,0.0956175,0,353052,4.02653e+06,59.8562
2051,299,0.0949367,0,352921,4.02614e+06,53.2932
2478,1403,0.0943396,0,353021,4.02657e+06,56.5203
2598,1754,0.0940594,0,352905,4.02632e+06,59.4961
1008,221,0.0939306,0,352824,4.02643e+06,96.8806
2741,236,0.0935829,0,352871,4.02616e+06,55.659
690,352,0.0932945,0,352816,4.02591e+06,52.7413
839,405,0.0932203,0,352833,4.02599e+06,51.2481
1991,859,0.0932203,0,353186,4.02589e+06,48.1652
2525,122,0.0923077,0,353046,4.0263e+06,54.3631
1715,1123,0.0912052,0,352905,4.02662e+06,61.4399
782,287,0.0912052,0,352813,4.02603e+06,52.5903
2068,1443,0.0910781,0,353219,4.02643e+06,54.7527
2320,2083,0.0909091,0,353274,4.02622e+06,53.8184
1155,78,0.090604,0,5.43251e+45,4.0264e+06,57.5617
1727,953,0.0900621,0,352694,4.02646e+06,56.4881
1606,1398,0.0897959,0.000979944,352916,4.02677e+06,61.5453
1074,165,0.0896359,0,352940,4.85813e+45,59.9709
2046,702,0.0895522,0,353267,4.02582e+06,50.7143
1111,407,0.0890052,0,352966,4.56665e+45,57.867
2557,1398,0.0871671,0,353074,4.02656e+06,56.0297
1387,1187,0.0870647,0,353092,4.02677e+06,4.2396e+45
846,20,0.0867209,0.897885,353170,4.02591e+06,52.3967
1591,1137,0.0856164,0,353065,4.02669e+06,65.1065
2466,1726,0.0855148,0,352803,4.02642e+06,57.1375
513,351,0.0850622,0,352629,4.02595e+06,59.1802
1108,504,0.085,0,4.73975e+45,4.02623e+06,59.6969
1838,453,0.0849858,0,352696,4.02617e+06,53.8478
1723,1649,0.0849057,0,352683,4.02662e+06,63.5499
353,291,0.0848624,0,352488,4.02622e+06,96.5442
2745,2613,0.0848329,0,353288,4.02599e+06,49.9046
2892,1284,0.0846154,0,353250,4.02638e+06,54.4061
2419,1868,0.0842391,0.541073,352923,4.02625e+06,52.5731
2229,197,0.0834646,0,352922,4.02637e+06,56.0933
1927,730,0.0829493,0,353046,4.02582e+06,51.5041
2168,376,0.0822669,0,352970,4.02619e+06,53.5267
1891,299,0.0822622,0,352709,4.02623e+06,53.4256
703,405,0.0821918,0,352836,4.02586e+06,89.2239
2064,1401,0.0821643,0,353233,4.02642e+06,55.0769
2268,972,0.0820896,0,353052,4.02633e+06,53.9828
1166,1034,0.0820669,0,353172,4.02659e+06,64.489
381,44,0.08166,0,352753,4.02602e+06,53.6142
185,38,0.0814815,0,5.71391e+45,1.39248e+37,1.20061e+06
1919,1216,0.0811688,0,353128,4.02644e+06,58.657
2016,1438,0.0807175,0,353107,4.02645e+06,54.9111
2069,228,0.0805243,0,353023,4.02621e+06,55.642
1515,1348,0.0805085,0.291849,353170,4.02677e+06,62.9154
1150,1051,0.0804878,0,5.26042e+45,4.02659e+06,65.8343
2560,558,0.079646,0,352950,4.026e+06,51.1498
300,67,0.0792541,0,352728,4.0262e+06,90.0036
1652,379,0.0786517,0,352687,4.0264e+06,62.1001
1943,235,0.0783133,0,352792,4.02619e+06,56.192
1833,1605,0.077748,0,352822,4.0265e+06,59.7031
955,904,0.0764818,0.00493096,352929,4.02624e+06,93.9877
1115,717,0.0763547,0,353214,4.02618e+06,56.4597
2236,438,0.0753425,0,352864,4.02616e+06,55.7213
736,35,0.0752688,0,353050,4.02581e+06,94.3909
2775,1016,0.0752508,0,353136,4.02617e+06,55.3747
2805,2071,0.075,0,353397,4.02592e+06,49.5404
2721,1916,0.0749064,0,353190,4.02595e+06,49.7937
2673,957,0.0747126,0,353127,4.02611e+06,51.9165
1362,213,0.0744921,0,352880,4.02664e+06,4.84017e+45
2250,1409,0.0743243,0,353058,4.0266e+06,57.4123
2797,2206,0.0738636,0,353262,4.02608e+06,49.8525
1779,1313,0.0738255,0,352980,4.02665e+06,57.5768
2833,1779,0.0728155,0,352946,4.02613e+06,53.1756
2230,1851,0.0728083,0,353044,4.0263e+06,53.325
2726,1677,0.0727969,0,352979,4.02627e+06,57.1737
1385,537,0.0725806,0,3.50749e+45,4.0263e+06,54.356
492,355,0.0719298,0,352573,4.02599e+06,93.2178
488,344,0.0718954,0,352567,4.02604e+06,54.9191
1216,609,0.0717593,0,353044,4.02634e+06,4.44451e+45
2826,2232,0.0716113,0,353228,4.02607e+06,51.0069
504,39,0.0715835,0,352810,4.02596e+06,52.5236
390,141,0.0705706,0,352702,4.02622e+06,54.9666
685,530,0.0704225,0,352828,4.02574e+06,87.5696
2235,966,0.0704225,0,353041,4.02633e+06,53.3677
1179,534,0.07,0,352933,4.02623e+06,59.5566
369,11,0.0698603,0,352825,4.02597e+06,51.607
437,42,0.0693481,0,352773,4.02601e+06,53.4019
2030,1753,0.0691057,0,352889,4.02626e+06,58.8038
1206,262,0.0690423,0,4.23495e+45,4.02658e+06,60.8892
1902,739,0.0682731,0,353026,4.02589e+06,51.4706
2329,118,0.0682196,0.0408463,352958,4.02634e+06,53.7467
701,528,0.0679612,0,352881,4.02576e+06,56.2357
1894,753,0.0672783,0,353032,4.02591e+06,51.0617
2407,703,0.0669546,0,352991,4.02599e+06,51.849
1814,223,0.0668693,0,352697,4.02639e+06,58.3118
1125,1011,0.0666667,0,353155,4.02651e+06,4.78505e+45
2529,2093,0.0662906,0,353331,4.0262e+06,52.1983
2623,1410,0.0661765,0,353095,4.02649e+06,54.9778
2292,1324,0.0657895,0,353138,4.02655e+06,55.1844
1041,705,0.0656109,0,5.16556e+45,4.02612e+06,57.1795
2739,1194,0.0655738,0,353246,4.02629e+06,57.6761
612,39,0.0653266,0,352963,4.02587e+06,49.0667
1431,1030,0.0652174,0,352996,4.02672e+06,59.9326
1429,63,0.0642202,0,352976,4.02652e+06,86.4409
2469,1407,0.0641509,0,352999,4.02656e+06,56.8699
1012,390,0.0638298,0,352815,4.02627e+06,58.0356
1300,1010,0.0633947,0,353102,4.35368e+45,58.5382
1106,75,0.0633609,0,353179,4.02635e+06,4.93014e+45
1619,1056,0.0633484,0,352915,4.02662e+06,66.3979
949,57,0.0632054,0,352968,4.02617e+06,91.9762
2503,1432,0.0626822,0,353017,4.02659e+06,57.4809
2213,909,0.0626118,0,353118,4.02624e+06,50.8678
1002,37,0.0622837,0,353030,4.02624e+06,98.8011
2856,159,0.0610687,0,352994,4.02614e+06,53.9769
740,451,0.0608696,0,352838,4.02586e+06,55.9251
2076,423,0.0606695,0,353099,4.026e+06,52.0245
507,437,0.0604288,0.0794594,352640,4.02594e+06,56.5382
1944,1887,0.060423,0,353047,4.02604e+06,50.1821
724,221,0.0597015,0,352813,4.02609e+06,97.7988
1785,1193,0.0594059,0,352936,4.02657e+06,62.8848
2678,2102,0.0593824,0,353411,4.02601e+06,49.4305
1195,863,0.0592992,0,353155,5.61029e+45,59.049
1852,1035,0.0592417,0,352999,4.02639e+06,57.9141
1871,196,0.0590278,0,352793,4.02633e+06,55.2572
2179,1751,0.0588235,0,352931,4.02643e+06,58.6491
2355,2286,0.0588235,0.0131319,353051,4.02635e+06,54.3521
921,538,0.058427,0,352780,4.02596e+06,85.2514
1816,225,0.0579268,0,352698,4.02639e+06,57.8889
1210,49,0.0579065,0,353136,4.54927e+45,58.0969
1957,1555,0.0577508,0,353032,4.02641e+06,59.8666
1299,93,0.0574949,0,5.24955e+45,4.02653e+06,53.4981
936,297,0.0574468,0,352681,4.02629e+06,57.4276
2935,2288,0.0570571,0,353265,4.02617e+06,53.121
1000,326,0.0568627,0,352761,4.02636e+06,54.5119
1654,539,0.0568182,0,352724,4.02624e+06,84.6577
2625,300,0.0564516,0,352827,4.0262e+06,52.9202
1434,440,0.0564103,0,352815,4.02646e+06,61.0039
2063,904,0.0562016,0,353269,4.02605e+06,50.3954
2228,221,0.0561404,0,352889,4.02637e+06,56.6037
534,351,0.0559211,0,352647,4.02591e+06,56.5103
1750,1008,0.0559168,0,352771,4.02646e+06,62.1354
1168,593,0.0555556,0,4.75588e+45,4.02622e+06,58.8961
1751,221,0.055336,0.243319,352585,4.02647e+06,62.1977
432,153,0.0548387,0,352693,4.02623e+06,55.7631
1830,105,0.0548246,0.0150562,352869,4.02629e+06,53.5891
2923,1050,0.0546218,0,353297,4.02625e+06,58.1606
2199,1036,0.0543478,0,353190,4.0264e+06,56.985
1710,233,0.0541872,0,352566,4.02651e+06,61.8435
352,39,0.0527578,0,352772,4.02604e+06,51.7602
2290,1179,0.0522979,0,353166,4.02653e+06,61.2048
2587,2165,0.0521042,0,353319,4.02624e+06,50.8615
2077,1147,0.0514706,0,353436,4.02631e+06,57.7598
2252,1195,0.0512397,0,353195,4.02654e+06,60.9218
1103,40,0.0509915,0,353227,4.02633e+06,57.8938
1408,1189,0.0509709,0,353080,4.02678e+06,4.62445e+45
475,283,0.0504587,0,352517,4.02616e+06,97.9737
2827,2693,0.0503778,0.13418,353309,4.02587e+06,48.7378
409,118,0.0503247,0,352777,4.02611e+06,53.1529
2522,1573,0.05,0,353050,4.02648e+06,59.3873
2586,969,0.05,0,353091,4.02624e+06,52.0254
2346,93,0.0498615,0,352976,4.0263e+06,51.7215
2285,1183,0.0497667,0,353165,4.02651e+06,60.8196
2494,440,0.0497427,0,352834,4.02617e+06,56.2421
2115,1038,0.0491228,0,353254,4.02635e+06,56.6894
1980,436,0.0490956,0,352870,4.02593e+06,52.9457
695,39,0.0487805,0,353123,4.02582e+06,53.814
2042,396,0.0485075,0,353011,4.02597e+06,51.2803
1281,859,0.0484581,0,353104,4.02647e+06,52.8197
2707,23,0.0483384,0,353256,4.0259e+06,48.7746
1193,732,0.0482955,0,4.65099e+45,4.02622e+06,59.3484
1228,238,0.0482234,0,3.73155e+45,4.02659e+06,62.5448
2929,1804,0.0481928,0,353038,4.02621e+06,53.8889
1647,287,0.0477707,0,352678,4.02651e+06,64.5516
208,107,0.0472813,0,1.41049e+37,5.28037e+06,5.78825e+45
1347,235,0.0471513,0,352809,4.02658e+06,58.9257
138,32,0.046875,0,1.41679e+37,6.27043e+06,5.84256e+45
2362,1187,0.0464135,0,353083,4.02657e+06,60.0233
1778,866,0.0463215,0,352832,4.02624e+06,53.0836
2672,614,0.0462428,0,353129,4.02588e+06,50.7359
822,12,0.0461538,0.14426,353158,4.02586e+06,98.7107
193,42,0.0454545,0,1.68761e+06,5.88217e+45,1.43397e+37
2471,2055,0.0452418,0,353267,4.02612e+06,52.4419
2011,1768,0.0449438,0,352943,4.02618e+06,54.7339
1461,250,0.0447284,0,352816,4.02663e+06,90.2597
2606,2262,0.044586,0,353239,4.02621e+06,53.7855
2271,1204,0.0442656,0,353173,4.02652e+06,60.2355
118,42,0.0442656,0,352976,4.02615e+06,50.1899
2121,224,0.0436681,0,352951,4.02632e+06,54.1292
1719,1624,0.0436137,0,352688,4.02665e+06,64.2722
2599,2294,0.0434783,0,353206,4.02622e+06,53.7842
1724,389,0.0431655,0,352564,4.02629e+06,57.8027
785,73,0.0431267,0,353080,4.02597e+06,49.6896
348,139,0.042328,0,352685,4.02623e+06,54.6587
2150,111,0.0422764,0,353194,4.02627e+06,51.6978
1697,779,0.0422535,0,352843,4.02624e+06,58.3331
1702,172,0.0420168,0,352667,4.02651e+06,60.4345
1028,228,0.0418848,0,352787,4.02643e+06,5.20252e+45
1154,620,0.0412371,0,353091,4.02624e+06,58.179
291,240,0.0411215,0.0940657,352502,4.0264e+06,61.8877
2333,1599,0.0409449,0,352921,4.02655e+06,60.2905
1584,996,0.0409357,0,352910,4.52467e+45,61.6428
2511,2157,0.040404,0,353249,4.02631e+06,53.0305
2949,1768,0.040293,0,353089,4.0262e+06,54.8149
228,8,0.0401891,0,352817,4.02619e+06,96.4445
2222,859,0.0398406,0,353161,4.02616e+06,50.655
2412,1250,0.039823,0,353020,4.02658e+06,56.9041
1271,75,0.0395604,0,353047,4.02648e+06,4.69026e+45
1762,288,0.0394737,0.0112435,352526,4.02641e+06,60.5695
1574,1359,0.0393701,0,353043,4.02677e+06,63.3067
1537,544,0.0380952,0,352820,4.02616e+06,93.2926
2212,1789,0.0378007,0,352944,4.02636e+06,55.373
1500,337,0.0377358,0,352875,4.02653e+06,58.5858
1519,863,0.0377358,0,353093,4.02635e+06,114.724
1466,372,0.0376106,0,352865,4.02644e+06,59.386
2332,373,0.0375817,0,352777,4.02621e+06,55.5998
1756,225,0.0374065,0.140908,352579,4.02646e+06,62.2649
668,396,0.0371429,0,352806,4.02581e+06,51.6346
379,107,0.037037,0,352715,4.02615e+06,54.6902
1575,1440,0.0369128,0.0672215,352929,4.02678e+06,95.8217
2564,1214,0.0367347,0,353196,4.0265e+06,59.275
1863,1754,0.0366492,0,352697,4.02641e+06,60.0457
1361,241,0.0363196,0,352804,4.25374e+45,58.5156
2631,1386,0.0360721,0,353110,4.02648e+06,54.5581
2712,1589,0.036,0,353061,4.02638e+06,58.8738
2136,1612,0.0357143,0,353060,4.0265e+06,59.2204
2432,1007,0.0357143,0,352978,4.02634e+06,56.2945
1134,1011,0.0353698,0,353154,4.02652e+06,62.0281
1276,425,0.035,0,352861,4.53761e+45,54.6736
2629,2285,0.0348837,0,353179,4.02622e+06,53.7068
1350,677,0.034632,0,353065,4.97579e+45,53.4425
2131,843,0.0345489,0,353289,4.02607e+06,48.3427
1225,81,0.0344828,0,353096,4.25384e+45,58.1735
875,402,0.0344828,0,352822,4.02602e+06,89.4742
2260,1775,0.0341656,0,352927,4.02637e+06,55.8439
526,221,0.0340557,0,352639,4.02611e+06,56.7834
2918,1448,0.0340136,0,353185,4.02644e+06,54.295
1962,750,0.0339943,0.0608195,353099,4.02575e+06,50.3071
1860,157,0.0339806,0.0294016,352829,4.02633e+06,54.9634
2258,1920,0.033871,0,353126,4.02617e+06,52.6327
2527,104,0.0337478,0,353068,4.02627e+06,53.0351
2663,2288,0.0335731,0,353196,4.02618e+06,53.1577
2153,717,0.0330739,0,353249,4.02605e+06,50.3645
2052,355,0.0322581,0,353035,4.02601e+06,52.66
2104,1198,0.0322581,0,353318,4.02649e+06,59.2004
1004,119,0.0322086,0.0429363,352958,4.02639e+06,55.6144
1382,1113,0.03207,0,353147,4.02671e+06,59.3565
924,30,0.0318021,0,353021,4.0261e+06,102.349
2170,326,0.0317726,0,353019,4.02629e+06,51.1133
2474,310,0.0315457,0,352811,4.02628e+06,53.7929
1646,1186,0.0314465,0,352970,4.0267e+06,66.0984
1663,327,0.03125,0,352642,4.0265e+06,60.1398
527,39,0.0311615,0,352852,4.02586e+06,55.8104
98,34,0.0308057,0,353018,4.0261e+06,49.2094
1580,357,0.0307263,0,352777,4.02648e+06,64.5124
2777,587,0.0305466,0,353023,4.02583e+06,50.0542
618,475,0.0305085,0,352766,4.02586e+06,57.5435
2561,1181,0.0305011,0,353218,4.02648e+06,60.2943
1378,1225,0.0304709,0.0761908,3.52658e+45,4.02677e+06,60.4736
1211,83,0.030303,0,353101,4.02648e+06,4.43394e+45
1597,1177,0.0299401,0,353042,4.97852e+45,66.4986
2302,1751,0.0298507,0,352763,4.02644e+06,59.9508
1465,616,0.029703,0,352986,4.02641e+06,54.0958
975,542,0.0294985,0,352787,4.02608e+06,51.8577
1474,66,0.0290698,0,353095,4.02648e+06,58.1176
1836,344,0.0289855,0,352677,4.02622e+06,54.2395
1358,1033,0.0289855,0,4.61176e+45,4.02665e+06,58.6554
2820,180,0.0288,0,352952,4.02615e+06,52.7256
992,282,0.028754,0,352746,4.02637e+06,59.2118
2093,45,0.0285714,0,353317,4.02605e+06,48.8103
2787,167,0.0284698,0,352965,4.02615e+06,52.8684
1227,765,0.028436,0,353134,4.02635e+06,59.0398
2044,284,0.028169,0,352940,4.02614e+06,53.7349
715,373,0.0265152,0,352831,4.02589e+06,56.704
1747,406,0.0261538,0,352588,4.02625e+06,58.4836
1484,679,0.0261438,0,353109,4.02634e+06,61.0598
285,92,0.0261097,0,352687,4.02627e+06,57.3778
2526,1756,0.0261011,0,352829,4.02641e+06,60.5405
220,156,0.025974,0,352703,4.0264e+06,93.7295
1353,968,0.0258216,0,353009,4.02658e+06,5.11897e+45
1213,378,0.0257069,0,3.90991e+45,4.0264e+06,60.9788
1381,387,0.025641,0,352824,4.02646e+06,3.83966e+45
2577,221,0.0255814,0,352918,4.02629e+06,55.0895
350,282,0.0251572,0,352492,4.02627e+06,55.9348
1170,259,0.0251397,0,352842,4.02655e+06,4.70127e+45
2022,1605,0.025,0,353092,4.02629e+06,57.535
435,116,0.0247253,0,352726,4.02613e+06,54.0282
2813,1782,0.0246305,0,352960,4.02612e+06,53.4068
1102,132,0.0245232,0,353105,4.02645e+06,5.07399e+45
2191,1752,0.0242826,0,352892,4.02643e+06,58.3377
2427,2272,0.0242718,0,353070,4.02629e+06,54.3352
2594,119,0.0240602,0,353116,4.0262e+06,52.3461
2893,2251,0.0239521,0,353291,4.02611e+06,53.5148
1440,693,0.0238095,0,353011,4.02631e+06,89.5619
2630,1001,0.0237154,0,353125,4.02624e+06,54.4648
2608,1752,0.0232558,0,352898,4.02633e+06,59.4372
2294,1629,0.0231023,0,352916,4.02652e+06,61.1882
1939,786,0.0227273,0.0758677,353126,4.02584e+06,49.0416
2226,1013,0.0226804,0,353099,4.02638e+06,57.8729
2931,883,0.0226131,0,353255,4.02601e+06,49.4526
239,24,0.0225464,0,352771,4.02626e+06,55.8958
2128,1437,0.0225352,0,353140,4.02658e+06,54.2027
1590,401,0.0223642,0,352736,4.02638e+06,4.43979e+45
2372,968,0.0222772,0.468457,352890,4.02635e+06,52.6652
2091,563,0.0222672,0,353128,4.02595e+06,49.4334
1339,1195,0.0221607,0.138656,5.1116e+45,4.02676e+06,61.2551
1498,262,0.0221607,0,352828,4.02658e+06,95.6911
1037,99,0.0220751,0,353034,4.02636e+06,5.22504e+45
1188,27,0.0220386,0,353168,4.02639e+06,58.307
1883,906,0.0219512,0.230068,352982,4.02617e+06,50.7555
1558,755,0.0219178,0,353007,4.02624e+06,95.1319
1726,407,0.0218069,0,352583,4.02625e+06,56.5597
225,52,0.0217391,0,352856,4.02623e+06,57.6102
455,375,0.0216346,0.651348,352562,4.02603e+06,54.7236
1367,1008,0.0214592,0,353037,4.61151e+45,58.071
2799,2306,0.0214286,0,353162,4.02608e+06,50.4392
1273,909,0.0212766,0,4.96045e+45,4.02652e+06,53.3058
2837,1089,0.0212202,0,353277,4.02624e+06,59.6641
2380,353,0.0211268,0,352702,4.02621e+06,53.9228
120,69,0.021097,0,2.45166e+06,5.67998e+45,1.37738e+37
1720,1401,0.0210843,0,352770,4.02672e+06,59.9873
395,304,0.0210728,0,352526,4.02614e+06,52.5382
2627,1437,0.0209205,0,353084,4.0265e+06,54.8306
1797,1012,0.0208333,0,352868,4.02642e+06,58.8399
672,54,0.0207852,0,353020,4.02583e+06,50.0527
2256,1016,0.0207101,0,353103,4.02638e+06,58.1624
1728,1656,0.0205882,0,352688,4.02661e+06,64.3551
726,531,0.0204678,0,352821,4.02579e+06,52.6082
1302,1213,0.020202,0.42576,353190,4.02676e+06,4.14927e+45
1427,328,0.02,0,352810,4.0266e+06,59.6684
2218,1403,0.0199275,0,353093,4.02659e+06,55.9759
2272,440,0.0199203,0,352895,4.02619e+06,56.4895
2617,2283,0.0198511,0,353201,4.02622e+06,53.2634
1978,862,0.01983,0.0082409,353152,4.02589e+06,48.3386
684,384,0.019774,0,352824,4.02587e+06,56.6637
1212,16,0.0197044,0,353162,4.02641e+06,58.4615
2200,761,0.0193548,0,353184,4.02602e+06,51.5174
1048,257,0.0193237,0,352803,4.02645e+06,61.4145
2593,2176,0.0190641,0,353312,4.02624e+06,52.216
380,204,0.0188934,0,352638,4.0262e+06,58.0894
895,384,0.0186916,0,352765,4.02607e+06,53.3948
230,31,0.0180995,0,352778,4.02628e+06,55.5909
1201,720,0.0176322,0,353137,4.02632e+06,59.2775
2538,1756,0.0173913,0,352796,4.02641e+06,60.8573
2602,384,0.0171875,0,352976,4.02608e+06,54.9351
1128,155,0.016835,0,353015,4.89646e+45,58.9614
2838,1765,0.0168067,0,352862,4.0262e+06,56.7171
2205,1891,0.0167785,0,353126,4.02623e+06,51.2257
1169,226,0.0165563,0,352904,5.01463e+45,63.2619
2551,2449,0.0165289,0,353082,4.02623e+06,52.5049
140,9,0.0164948,0,2.45605e+06,5.36902e+45,94.5323
1165,534,0.0164384,0,352903,4.02615e+06,4.60718e+45
2072,791,0.0163934,0,353347,4.02589e+06,49.8344
234,175,0.0162162,0,352671,4.0264e+06,61.7639
1547,1215,0.0157233,0,353092,4.02677e+06,64.7127
2416,1871,0.0155556,0.39702,352924,4.02625e+06,52.5014
282,42,0.0154639,0,352709,4.02621e+06,53.0662
974,699,0.014881,0,352997,4.02604e+06,92.9673
2037,1615,0.0147601,0,353035,4.02639e+06,60.1439
1812,132,0.0147493,0.0598055,352800,4.02635e+06,55.7417
2696,154,0.014658,0,353036,4.02616e+06,53.3957
2917,729,0.0145985,0,353239,4.02581e+06,51.4979
1527,179,0.0145631,0,352885,4.02652e+06,62.6851
1895,85,0.0141844,0.182398,352998,4.02614e+06,50.8453
1011,735,0.0141414,0,353022,4.0261e+06,90.7719
2085,932,0.0140351,0,353269,4.02614e+06,51.2792
1987,1342,0.013986,0,353190,4.02636e+06,52.2061
2096,1755,0.013834,0,352940,4.02633e+06,58.5767
1973,79,0.0136674,0,353092,4.02598e+06,49.2297
2264,2085,0.0134328,0,353350,4.02618e+06,52.7912
533,287,0.0133779,0,352580,4.02606e+06,53.9166
2428,1102,0.0131234,0,353151,4.02641e+06,59.4508
675,221,0.013089,0,352810,4.02602e+06,54.8446
2255,1726,0.0130624,0,352884,4.02645e+06,57.6199
2731,2390,0.012931,0,353068,4.02611e+06,51.0941
326,187,0.0129032,0,352587,4.02631e+06,54.313
2449,1961,0.0128866,0,353068,4.02602e+06,50.8565
2306,1598,0.0128535,0,352936,4.02655e+06,59.6849
2054,628,0.0128535,0,353231,4.02585e+06,50.3258
245,57,0.0127592,0,352778,4.02624e+06,55.6433
2246,12,0.0126227,0,353167,4.02613e+06,51.7142
328,100,0.0126183,0,352777,4.0262e+06,50.9389
2050,72,0.0124611,0,353258,4.02603e+06,50.8243
1846,49,0.0121655,0,352968,4.02616e+06,50.5083
1660,222,0.0121581,0,352723,4.02655e+06,66.0522
1694,725,0.0121457,0,352815,4.02622e+06,98.8622
436,347,0.011994,0.0480302,352551,4.02606e+06,56.0519
2281,2188,0.011925,0,353220,4.02634e+06,54.2469
363,73,0.0118203,0,352781,4.02608e+06,56.08
1219,732,0.0115607,0,353107,4.02629e+06,59.0375
2181,1761,0.0115163,0,352938,4.02642e+06,58.6384
2060,606,0.0114155,0,353191,4.02588e+06,51.9621
359,231,0.0113636,0,352553,4.02626e+06,57.6418
2326,2082,0.0113636,0,353283,4.02622e+06,53.5977
1200,1007,0.0111111,0,353103,4.02658e+06,4.31179e+45
397,206,0.0110701,0,352617,4.02621e+06,59.3273
474,197,0.0110132,0,352662,4.0262e+06,61.4282
894,687,0.0107143,0,353030,4.02589e+06,50.7964
2286,1013,0.010574,0.0381878,353073,4.02638e+06,58.1559
917,283,0.0105263,0,352684,4.02629e+06,97.8698
2926,2596,0.0105263,0,353368,4.02605e+06,51.922
2472,1821,0.0104948,0,352922,4.02632e+06,55.4497
2723,841,0.0104895,0,353236,4.02588e+06,48.5241
440,209,0.0104478,0,352639,4.02621e+06,58.8396
414,302,0.0102389,0,352573,4.02612e+06,58.5491
1662,1041,0.0102041,0,352891,4.02657e+06,96.5842
1522,596,0.00995025,0,352935,4.02619e+06,56.1648
2487,1008,0.00994318,0.101356,353049,4.02636e+06,57.1357
2934,1759,0.00983607,0,352930,4.02627e+06,58.7682
2884,1240,0.00966184,0,353213,4.02647e+06,58.6983
719,540,0.00961538,0,352822,4.0258e+06,50.3304
2573,2334,0.00934579,0,353116,4.02629e+06,53.336
1749,1179,0.00927152,0,352881,4.02661e+06,65.6707
1630,328,0.00917431,0,352670,4.02653e+06,61.1653
2216,1597,0.00909091,0,353035,4.02651e+06,58.937
605,422,0.00909091,0,352718,4.02588e+06,95.2165
2274,1395,0.00906344,0,353070,4.02656e+06,56.4456
1282,870,0.00902935,0,5.12576e+45,4.02644e+06,52.7421
1138,1076,0.00900901,0.0193042,5.60657e+45,4.02658e+06,65.5502
491,42,0.00884956,0,352813,4.02594e+06,56.4864
2388,1762,0.00860215,0,352697,4.02641e+06,59.3664
1997,682,0.00854701,0,353149,4.02575e+06,50.451
1614,1170,0.00849858,0,352984,4.02671e+06,4.2985e+45
2251,1133,0.00840336,0,353260,4.02648e+06,59.1831
1422,633,0.00838574,0,4.75303e+45,4.0264e+06,55.8092
2145,222,0.0083612,0,353006,4.02634e+06,55.3061
1259,243,0.00829876,0,352800,4.02659e+06,59.0329
2008,1750,0.00826446,0,352875,4.02624e+06,58.1363
2107,42,0.00817439,0,353294,4.02606e+06,48.1689
2406,861,0.00808625,0,352970,4.02615e+06,50.7091
2293,2242,0.00801282,0.0766743,353141,4.02632e+06,54.0091
762,81,0.00796813,0,353043,4.02592e+06,50.5756
2558,2164,0.00779221,0.00333133,353295,4.02628e+06,51.2285
1005,696,0.00777605,0,353073,4.02608e+06,58.2383
656,31,0.00777202,0,353014,4.0258e+06,48.8376
2481,834,0.00761905,0,353107,4.02612e+06,51.771
1608,259,0.00760456,0,4.94291e+45,4.02653e+06,60.9788
1752,223,0.00749064,0.14553,352582,4.02646e+06,62.2057
2518,384,0.00740741,0,352870,4.02618e+06,55.8782
1832,1752,0.00740741,0,352678,4.02643e+06,60.4712
1696,1026,0.00714286,0,352857,4.02655e+06,66.4268
619,495,0.00712589,0,352720,4.02584e+06,90.7509
2231,1755,0.00710227,0,352810,4.02642e+06,60.4963
2309,1758,0.00702576,0,352760,4.02644e+06,60.3045
1038,731,0.00702576,0,353063,4.02609e+06,57.8352
804,261,0.00690846,0,352829,4.02613e+06,56.4536
523,221,0.00687285,0,352670,4.02609e+06,59.9973
2360,1008,0.00687285,0.342598,352977,4.0264e+06,56.4353
1645,230,0.00677966,0,352685,4.02653e+06,95.1596
2112,1751,0.00675676,0,352885,4.02637e+06,58.647
2804,2485,0.00671141,0,353163,4.02609e+06,51.8757
2925,749,0.00662252,0,353244,4.0258e+06,50.3341
454,401,0.00632911,0.503686,352583,4.02602e+06,53.1744
809,507,0.00630915,0,352879,4.02587e+06,52.856
723,601,0.00630915,0,352980,4.02576e+06,55.7311
2615,1755,0.00617284,0,352898,4.02632e+06,58.2492
939,119,0.00616016,0.79845,352902,4.02632e+06,51.918
2542,1751,0.00612245,0,352799,4.02641e+06,60.0928
1093,105,0.00611621,0,353148,5.35544e+45,59.3289
2916,2296,0.00609756,0,353275,4.02613e+06,52.2875
2143,1393,0.00608519,0,353163,4.02658e+06,54.7058
1479,1295,0.00603622,0.267832,353131,4.0268e+06,58.9462
243,179,0.00603318,0,352654,4.02641e+06,61.7525
1900,1443,0.00591716,0,352992,4.0265e+06,55.7447
1325,169,0.00591716,0,352934,4.02657e+06,4.28022e+45
1288,1163,0.00582524,0.0232622,353198,4.02676e+06,5.25641e+45
2752,1607,0.00579151,0,353056,4.02624e+06,56.4501
2936,2285,0.00558659,0,353264,4.02618e+06,53.4471
2549,1987,0.00554017,0,353214,4.02604e+06,50.963
2740,1445,0.00547945,0,353112,4.02639e+06,53.4339
1090,732,0.00546448,0,4.51434e+45,4.02613e+06,59.8374
235,63,0.00545455,0,352769,4.02626e+06,91.253
1164,49,0.00542005,0,353163,5.7318e+45,57.1113
1497,1007,0.00540541,0,353116,4.02658e+06,65.2428
2862,2345,0.00540541,0,353152,4.02613e+06,52.4556
1760,356,0.00531915,0,352559,4.02632e+06,60.6599
1341,1258,0.00524934,0.261856,353104,4.02678e+06,4.68901e+45
2911,1666,0.0052356,0,353044,4.02631e+06,58.697
2443,1599,0.00520833,0,352886,4.02648e+06,59.0621
826,755,0.00520833,0.0153749,353120,4.0258e+06,49.8945
2785,1689,0.00519031,0,352901,4.0263e+06,57.9108
2094,1293,0.00518135,0,353345,4.02644e+06,52.8108
1758,1047,0.00512821,0,352816,4.02649e+06,64.1922
2249,402,0.00505051,0,352874,4.02614e+06,53.7862
344,142,0.00498753,0,352722,4.02624e+06,58.3638
461,371,0.00497512,0.702783,352563,4.02607e+06,53.4925
1407,496,0.00488998,0,352778,4.26514e+45,57.1737
2171,2061,0.00487805,0,353424,4.02617e+06,50.8917
2667,298,0.00481928,0,352835,4.02615e+06,53.763
1543,528,0.0047619,0,352848,4.0262e+06,62.0637
1215,1077,0.00470588,0,353207,4.45069e+45,65.5589
2243,1047,0.00468019,0,353162,4.02642e+06,59.5861
2645,834,0.0045977,0.00228414,353220,4.02597e+06,50.0801
1392,736,0.00457666,0,353003,4.24746e+45,54.9045
2350,1753,0.00452489,0,352715,4.02646e+06,60.0187
1016,225,0.00451807,0,352866,4.02643e+06,63.1912
2886,4,0.0044843,0,353271,4.02588e+06,50.3315
1336,953,0.00446429,0,353018,4.02657e+06,53.5783
2683,1564,0.00445434,0,353149,4.0263e+06,56.7214
2254,1008,0.00445104,0,353092,4.02637e+06,57.4348
1631,48,0.00440529,0,352932,4.0264e+06,62.3897
2017,1291,0.00436681,0,353246,4.02637e+06,53.4283
1047,699,0.004329,0,353110,4.02612e+06,4.91165e+45
1403,1035,0.00429185,0,353034,4.02666e+06,60.4479
1703,1042,0.00420168,0,352820,4.02657e+06,63.4273
1514,221,0.00413223,0,352838,4.0266e+06,61.1416
1924,230,0.00409836,0,352763,4.02625e+06,56.3564
1477,899,0.00407332,0,353058,4.02651e+06,89.9208
1864,1759,0.00396825,0,352708,4.02639e+06,59.6437
603,31,0.00395257,0,353004,4.02586e+06,54.9381
716,414,0.00392157,0,352811,4.02586e+06,91.4568
2363,1186,0.00392157,0,353080,4.02657e+06,59.9679
2296,1753,0.00391389,0,352778,4.02643e+06,59.9995
1791,260,0.00384615,0,352580,4.02641e+06,57.3768
1765,1179,0.00384615,0,352909,4.0266e+06,64.9068
1690,230,0.00378788,0,352642,4.02653e+06,65.6934
608,262,0.00373134,0,352655,4.02615e+06,54.3569
1097,456,0.00369004,0,352950,4.0263e+06,59.1398
1262,499,0.00363636,0,4.34365e+45,4.02633e+06,56.3971
2185,2081,0.00359712,0,353415,4.02621e+06,52.3697
2795,260,0.00355872,0,352838,4.02614e+06,52.7121
1695,9,0.00348432,0,352848,4.02636e+06,58.0788
1546,1046,0.00347222,0,353059,4.02662e+06,99.101
1502,407,0.00347222,0,352909,4.02635e+06,61.9741
2848,1189,0.003367,0,353244,4.02632e+06,58.7449
2211,1309,0.00335008,0,353232,4.02659e+06,55.4556
153,12,0.00333333,0,5.1485e+45,1.25411e+37,1.09345e+06
2520,202,0.00333333,0,352944,4.02636e+06,57.2676
1067,73,0.00331126,0,6.20966e+45,4.02627e+06,56.6142
1057,257,0.00330033,0,352777,4.02645e+06,5.18084e+45
499,39,0.00328947,0,352794,4.02597e+06,53.0198
2498,438,0.00324675,0,352843,4.02617e+06,56.2219
581,397,0.00320513,0,352691,4.02594e+06,95.151
1087,1010,0.00319489,0,353152,4.02647e+06,63.6948
2728,2586,0.00318471,0,353291,4.02601e+06,50.0431
2269,1011,0.00316957,0,353091,4.02637e+06,57.5457
834,363,0.00315457,0,352835,4.02597e+06,96.487
1729,861,0.00311526,0,352787,4.02632e+06,54.8798
1656,1097,0.00311526,0,352966,4.02662e+06,66.0215
1813,1562,0.00309598,0,352838,4.02652e+06,60.7538
1100,348,0.00303951,0,352950,5.04795e+45,60.5118
807,383,0.0030303,0,352824,4.02594e+06,89.709
1798,1042,0.0030303,0,352892,4.02644e+06,59.2368
848,789,0.00298507,0.0507535,353135,4.02584e+06,92.5348
1950,540,0.00294118,0,352855,4.02583e+06,50.2796
1105,860,0.00289017,0,353231,5.71099e+45,57.5945
1184,533,0.00289017,0,352916,4.10542e+45,58.8014
224,48,0.00288184,0,352822,4.02627e+06,53.9149
1579,1429,0.00286533,0.0724505,352909,4.0268e+06,62.1446
1063,859,0.00285714,0,7.0405e+45,4.02624e+06,56.5196
1420,167,0.00284091,0,352841,4.02661e+06,57.2337
2830,444,0.00277008,0,352861,4.02595e+06,53.1142
1942,1589,0.00275482,0,352969,4.02636e+06,58.4503
1769,1186,0.00274725,0,352922,4.0266e+06,62.6855
1398,291,0.0027027,0,352742,4.23873e+45,57.8297
1083,40,0.00268817,0,353204,4.02632e+06,5.30925e+45
1995,1408,0.00258398,0,353102,4.02638e+06,54.5055
1317,767,0.00257732,0,353161,5.02246e+45,54.5733
1561,240,0.0025641,0,352719,4.02659e+06,62.4984
1757,299,0.00255102,0,352517,4.0264e+06,60.3502
1400,304,0.00251889,0,352763,4.0266e+06,4.63326e+45
1256,710,0.00248756,0,353077,4.5747e+45,54.68
2192,52,0.002457,0,353186,4.02619e+06,49.4881
813,110,0.00243309,0,353100,4.02602e+06,54.0925
1116,220,0.00241546,0,5.21017e+45,4.02651e+06,60.7874
2395,863,0.00240964,0,352956,4.02617e+06,51.3151
1845,1010,0.00238095,0.0326203,352954,4.02638e+06,57.2131
2743,2241,0.00238095,0,353240,4.02606e+06,51.1294
1372,736,0.00235294,0,353035,4.02627e+06,4.39897e+45
2448,2331,0.00235294,0,352989,4.02633e+06,53.8465
2423,912,0.00233645,0.137674,352950,4.02621e+06,51.3044
1226,902,0.002331,0,353095,4.0265e+06,4.27822e+45
1849,866,0.00230415,0,352967,4.02616e+06,50.3885
2336,204,0.00229358,0,352824,4.02642e+06,56.9247
2197,1029,0.00225734,0,353196,4.02638e+06,56.0097
2343,863,0.00225225,0,353027,4.02623e+06,51.6397
1386,1035,0.00223214,0,353040,4.08922e+45,59.1949
2089,422,0.00222717,0,353071,4.02602e+06,51.6429
1394,1050,0.0021978,0,353057,4.02667e+06,4.34847e+45
2570,1450,0.00217865,0,353087,4.02655e+06,54.7431
2691,1686,0.00215983,0,352978,4.02629e+06,57.7069
1395,328,0.00215054,0,352792,4.02658e+06,54.9966
1022,185,0.00208333,0,352866,4.84734e+45,58.4664
2653,1404,0.00206612,0,353121,4.02644e+06,54.8814
956,608,0.00203666,0,352858,4.02609e+06,52.7824
601,351,0.00200803,0,352693,4.02598e+06,53.9025
2062,1395,0.00197239,0,353223,4.02643e+06,54.2613
2947,798,0.0019685,0,353359,4.02589e+06,49.9632
2604,2188,0.00196078,0,353307,4.02623e+06,53.1031
213,66,0.00194932,0,352836,4.02625e+06,95.1835
2628,1054,0.0019305,0,353210,4.02629e+06,58.019
2694,2135,0.00188679,0,353394,4.02606e+06,49.103
2948,381,0.0018622,0,353011,4.026e+06,53.9353
2083,1765,0.00185185,0,353012,4.02628e+06,57.6148
1252,606,0.00182149,0,4.23654e+45,4.02636e+06,56.5265
1293,521,0.00178571,0,352892,4.02627e+06,55.1157
399,221,0.00177936,0,352603,4.02621e+06,94.6739
2765,221,0.00174825,0,352930,4.02613e+06,53.8718
2470,2051,0.00173611,0,353257,4.02612e+06,52.7269
2536,384,0.00172712,0,352835,4.02614e+06,55.5014
2807,311,0.0017094,0,352886,4.02603e+06,50.1294
2811,118,0.00167785,0,353084,4.02605e+06,50.0754
500,229,0.00162338,0,352631,4.02614e+06,61.3513
2491,1030,0.00161812,0.0547331,353087,4.02637e+06,57.673
427,66,0.00158983,0,352813,4.02603e+06,51.6421
422,79,0.00156986,0,352800,4.02609e+06,51.9302
2782,223,0.00155039,0,352918,4.02614e+06,53.8795
2597,2429,0.00155039,0,353148,4.02617e+06,53.0715
433,18,0.00151515,0,352822,4.02596e+06,52.3031
2233,39,0.00148148,0,353147,4.02617e+06,51.2112
244,73,0.0014771,0,352746,4.02628e+06,93.9966
384,229,0.0014556,0,352609,4.02621e+06,92.1165
2485,1766,0.00138696,0,352841,4.02638e+06,58.12
2261,407,0.00126904,0,352891,4.02615e+06,53.9629
1759,112,0.00126582,0,352709,4.0264e+06,59.2851
