2418,701,0.770416,0.714995,22.1501,-237.319,0.253386
2379,790,0.725537,0.606548,-62.7274,-278.158,4.4519
2375,785,0.716837,0.672499,-70.1368,-286.646,5.392
2184,1225,0.6875,0.627061,-231.933,-443.072,7.82176
1566,1433,0.683019,0.810219,-73.1588,-505.956,6.6469
2412,712,0.676678,0.781093,-0.879774,-238.255,0.672895
1570,1437,0.67483,0.712666,-74.5711,-517.449,6.92603
2405,250,0.670635,0.840451,-17.0666,-237.856,1.21229
2571,124,0.663333,0.641946,6.97242,-22.6755,-0.817147
2400,244,0.65767,0.928729,-31.7392,-240.594,1.55889
2395,241,0.657356,0.642128,-42.9964,-242.814,1.66845
703,262,0.656881,0.811157,20.1783,-237.593,0.272983
2417,260,0.651123,0.783075,13.8531,-238.049,0.451783
2219,1379,0.625,0.802615,-162.116,-438.551,9.27527
1571,1438,0.622047,0.731003,-74.6517,-520.925,7.06102
2207,1377,0.605923,0.801567,-167.392,-436.788,8.9051
2206,1376,0.602888,0.854149,-171.434,-437.897,8.58141
469,386,0.579268,0.70749,30.7694,-432.564,-1.02941
652,300,0.575592,0.750999,81.7883,-278.403,-2.29601
1911,1647,0.574713,0.784364,-173.702,-630.127,10.39
2376,788,0.565217,0.848592,-69.3299,-283.889,5.11331
2220,1379,0.564159,0.737459,-161.724,-439.629,9.29232
2424,696,0.555743,0.867163,33.2618,-236.267,-0.0644055
2410,255,0.552734,0.835222,-2.59144,-238.178,0.739306
467,389,0.543131,0.584895,25.2041,-425.171,-1.37858
2416,705,0.528796,0.777593,14.5224,-238.283,0.422826
2221,1379,0.525194,0.726944,-161.615,-441.817,9.27222
716,252,0.513089,0.669302,-11.8454,-238.329,1.15337
2222,1836,0.503737,0.828615,-162.662,-447.45,8.89088
646,307,0.50101,0.818974,83.0972,-293.354,-2.46336
725,241,0.488844,0.667631,-39.1949,-242.726,1.74203
2420,703,0.485232,0.644232,22.0236,-237.267,0.13352
300,24,0.479424,0,83.1281,-211.095,-2.62784
461,392,0.477516,0.689074,20.0871,-413.434,-1.80839
1778,1441,0.472549,0.604223,-77.5409,-530.241,7.08506
468,388,0.465823,0.705598,27.0993,-427.952,-1.1322
1706,44,0.464853,0,-20.9576,-263.605,-0.227167
2378,790,0.462882,0.742575,-63.8848,-278.695,4.61275
647,303,0.462389,0.970347,82.7435,-287.417,-2.38097
2373,785,0.462295,0.881973,-70.493,-288.055,5.512
2256,1819,0.440758,0.69724,-143.32,-485.197,7.52955
2017,644,0.431707,0,-59.4955,-435.859,2.5708
709,258,0.428775,0.897556,6.81592,-238.591,0.446205
2533,1746,0.422274,0,-13.668,-314.04,3.24067
1775,1441,0.419463,0.689362,-77.8705,-534.3,7.10246
2069,1135,0.415966,0.897594,-287.179,-544.237,8.96035
2209,1838,0.407982,0.939519,-164.111,-439.219,9.15546
2409,256,0.402439,0.738155,-2.72881,-238.254,0.726764
715,251,0.398721,0.814003,-11.9368,-238.234,1.14339
2066,1131,0.389262,0.914622,-295.422,-544.132,9.06473
1779,1575,0.388614,0.650053,-77.6631,-529.784,7.05081
2183,1225,0.386921,0.681774,-232.542,-442.797,7.84246
1962,1807,0.383133,0,-192.612,-620.204,9.30381
2421,701,0.38,0.714718,25.7887,-236.682,0.0993957
1765,311,0.378467,0,21.7616,-407.224,1.99178
707,258,0.374834,0.849423,9.82984,-238.35,0.461109
2399,243,0.372549,0.861596,-33.775,-241.283,1.59038
708,258,0.371981,0.834637,8.40816,-238.441,0.467017
1207,1119,0.361111,0.161962,-294.926,-489.067,8.90904
1991,1100,0.360684,0,-300.431,-563.55,9.77767
2185,1228,0.360465,0.794735,-227.279,-445.529,8.0721
2205,1842,0.356215,0.776246,-174.854,-440.344,8.61138
1090,808,0.337449,0,-172.13,-345.435,5.26087
600,364,0.328841,0.780333,88.626,-423.304,-3.05082
1859,1179,0.327103,0,-233.979,-485.773,8.86587
1617,620,0.315136,0,-4.32467,-449.481,2.25018
1372,1151,0.313783,0.0117683,-227.414,-487.99,8.79386
1193,438,0.30303,0,-162.649,-414.791,4.80921
2402,246,0.301483,0.864674,-26.1634,-239.101,1.49049
2519,2132,0.29805,0,-97.4367,-291.112,3.31726
2397,240,0.29783,0.942445,-42.058,-243.704,1.76764
1200,693,0.296367,0,-90.7925,-320.14,3.06007
1703,41,0.29623,0,-30.0086,-321.636,0.940066
1818,814,0.28699,0,-112.746,-361.576,5.13119
482,369,0.286624,0.298484,58.1681,-453.503,-2.48478
2425,697,0.286058,0.754363,34.281,-236.333,-0.0589665
2215,1379,0.2827,0.776285,-162.372,-438.458,9.26789
316,18,0.279121,0,86.4071,-184.502,-3.34128
2366,758,0.274788,0.585655,-75.2418,-304.952,5.63225
1839,1377,0.27204,0.857706,-166.935,-436.167,9.04211
1780,1575,0.266376,0.618396,-77.3164,-528.392,7.02241
818,304,0.262185,0,8.06023,-273.545,0.209906
2237,1781,0.261905,0.305172,-113.105,-504.913,7.43098
2374,751,0.259912,0.794017,-70.7874,-288.501,5.12726
333,241,0.256545,0.0187608,23.4786,-290.146,-0.229022
2228,1828,0.250973,0.752507,-158.399,-462.718,8.84307
2214,1375,0.246433,0.526792,-168.583,-439.179,8.94011
1768,1586,0.246238,0.629679,-75.1046,-558.595,8.08274
1187,727,0.244068,0,-183.482,-361.952,5.58375
1161,265,0.243772,0,-113.951,-364.1,4.05295
2401,244,0.242175,0.941599,-30.1638,-240.205,1.54323
2216,1838,0.23842,0.711026,-164.452,-439.129,9.22024
2213,1839,0.237762,0.805761,-165.849,-438.062,9.15907
2465,1379,0.235714,0,-101.123,-362.492,6.44635
705,261,0.234615,0.806269,16.2987,-238.212,0.429803
2000,1151,0.233333,0,-289.304,-614.171,9.71363
2160,1419,0.230425,0,-158.858,-460.945,7.17404
1805,1754,0.230174,0.227972,-110.431,-542.095,7.83027
1742,412,0.222222,0,-41.4338,-463.456,3.27766
653,453,0.221311,0.0975498,60.033,-317.3,-2.11103
1101,620,0.220339,0,-98.7513,-417.122,2.98455
2398,241,0.220315,0.950393,-38.6601,-242.679,1.67037
702,263,0.21934,0.832315,22.467,-237.211,0.185193
2173,249,0.218673,0,-117.849,-325.261,4.12168
1606,254,0.215543,0,-52.2273,-388.924,3.94646
2377,789,0.21147,0.691416,-67.1463,-280.789,4.97033
2203,1372,0.211409,0.914515,-175.767,-437.859,8.63863
1375,1136,0.209239,0,-223.128,-486.33,8.83433
657,550,0.208772,0,62.5342,-359.164,-1.91898
2422,1396,0.205288,0,-43.9476,-339.712,4.22646
2278,1408,0.20298,0.816375,-78.1524,-443.247,6.24966
1529,937,0.201613,0,-164.541,-359.556,9.12233
1669,231,0.198052,0,-93.2331,-395.327,4.30415
1915,1818,0.1875,0,-163.58,-550.131,8.67887
1348,1271,0.18732,0.855307,-187.77,-395.032,10.2496
2063,816,0.185366,0,-196.806,-407.582,6.50907
1134,816,0.182708,0,-188.452,-404.926,6.28452
1117,808,0.181926,0,-172.534,-375.555,5.39717
368,271,0.181058,0,59.897,-317.258,-1.54435
1926,1377,0.179138,0,-178.27,-523.429,9.1972
2515,305,0.177177,0,83.9897,-208.954,-2.07488
641,421,0.174224,0.242312,67.7376,-315.147,-1.93985
1224,366,0.173585,0,-76.0241,-436.967,2.24841
1048,668,0.172285,0,-118.108,-312.038,3.10786
272,62,0.17029,0,48.8539,-108.234,-3.50767
1164,265,0.170213,0,-116.133,-363.071,3.94778
1649,481,0.168478,0,-52.0259,-536.907,3.17946
2051,1839,0.162162,0,-235.478,-504.104,9.64062
1717,816,0.160194,0,-95.3125,-395.633,5.47117
1825,1637,0.16,0.0314106,-164.812,-520.733,9.00007
2527,438,0.157385,0,70.3939,-180.477,-1.35689
310,144,0.157088,0,38.344,-204.015,-1.32746
1516,616,0.15493,0,71.3082,-388.889,-1.0679
1841,1375,0.154639,0.868623,-173.344,-439.024,8.72656
1637,363,0.154613,0,-31.4852,-503.343,2.56594
545,352,0.154423,0.0658739,64.6688,-434.355,-2.27723
2393,1652,0.154255,0,-93.8586,-393.867,4.90744
913,515,0.149856,0,-83.0439,-406.956,4.07709
665,441,0.149712,0.0846604,61.8438,-284.569,-1.74401
1086,738,0.149007,0,-158.456,-338.988,5.0152
282,12,0.148402,0,70.5025,-84.9979,-3.7558
618,446,0.147651,0.557427,68.5282,-372.206,-2.14501
1586,258,0.147619,0,-25.6269,-369.803,3.60127
1914,600,0.147453,0,-0.974039,-496.258,1.67968
635,514,0.147059,0,62.9363,-409.621,-1.61006
2513,308,0.145038,0,84.6859,-217.481,-1.93793
567,301,0.143959,0,61.3039,-362.774,-1.97273
2131,363,0.140794,0,-109.177,-465.855,2.77674
1304,461,0.140244,0,-158.934,-395.111,5.05214
2167,1927,0.140078,0,-235.662,-559.57,9.00696
2110,1149,0.136538,0.85084,-283.136,-544.763,9.16607
1830,1398,0.133333,0.309727,-132.753,-448.45,8.18859
291,233,0.132118,0.0792765,17.6534,-253.944,0.312279
2210,1378,0.130898,0.926713,-163.495,-438.194,9.18628
1049,808,0.12931,0,-164.039,-314.662,4.76553
626,363,0.12782,0.341143,89.4264,-380.989,-2.77391
617,423,0.127059,0.500634,70.4129,-359.292,-2.07822
784,311,0.126609,0,17.4831,-297.925,1.18056
719,548,0.121951,0,0.0348976,-345.184,0.362078
1832,1187,0.12156,0,-221.613,-460.048,8.70191
1063,483,0.121535,0,-126.539,-430.661,2.88332
1152,414,0.121447,0,-166.449,-467.019,4.84919
308,141,0.121212,0,41.6068,-203.361,-1.68079
1275,569,0.120438,0,-90.1935,-428.009,5.02005
654,531,0.11985,0,59.5058,-370.748,-2.07782
1999,1220,0.118928,0,-266.524,-574.029,9.41919
2414,1753,0.118734,0,-36.9149,-372.835,3.3458
1236,616,0.11828,0,-35.117,-402.155,1.53448
1827,1104,0.117521,0,-221.172,-471.193,8.77061
2223,1835,0.117338,0.705657,-161.734,-449.791,8.61857
1318,442,0.116183,0,-150.019,-376.452,5.86539
594,225,0.115741,0,20.2879,-342.929,-0.551803
1091,670,0.114458,0,-112.341,-338.479,3.53272
1380,701,0.113718,0,-60.1657,-331.462,4.40196
2543,483,0.11215,0,51.0456,-287.472,-1.35381
2232,816,0.11128,0,-122.356,-373.905,6.44506
1964,1595,0.111111,0,-168.443,-649.855,9.38203
1533,1014,0.109756,0,-269.164,-326.563,7.85386
1979,531,0.107018,0,-125.433,-623.293,4.78327
1823,779,0.106796,0,-123.002,-404.102,7.47117
2607,1718,0.105263,0,-100.608,-525.767,7.10429
340,76,0.104027,0,56.0715,-122.648,-4.55313
2050,652,0.103524,0,-90.5698,-412.492,3.20984
1019,239,0.102975,0,-170.102,-276.008,4.7308
1095,306,0.102662,0,-78.7385,-359.986,2.33181
1671,501,0.101266,0,-63.7684,-588.205,2.93022
1659,441,0.10061,0,-73.3175,-512.974,4.25183
1435,458,0.100478,0,-33.8958,-465.793,3.247
1654,1180,0.0994898,0,-258.653,-544.12,8.95632
331,242,0.0992556,0.0213005,23.8808,-288.467,-0.229298
1429,507,0.098081,0,-38.7988,-510.382,3.81128
2516,1177,0.0959302,0,-103.209,-295.42,3.44513
1676,448,0.0944206,0,-68.8986,-524.482,3.6883
1401,217,0.0936455,0,-79.8638,-368.579,5.6245
691,285,0.0934959,0.32491,57.7139,-235.892,-1.23128
609,360,0.0934579,0.694079,87.4039,-403.277,-2.7851
1898,569,0.092145,0,-57.6616,-521.986,2.86726
2396,308,0.091623,0.0226433,24.9874,-272.553,-0.469812
726,620,0.0911392,0.00764036,26.5898,-307.354,-0.286922
2140,296,0.0909091,0,-102.715,-370.874,2.8783
1959,1128,0.0909091,0,-280.618,-617.726,9.76305
1894,708,0.0905028,0,-67.2772,-374.496,3.82405
1587,480,0.0904255,0.00303075,-17.1388,-511.611,2.93998
525,440,0.0895238,0,33.1999,-447.638,-1.16169
2559,1430,0.0893971,0,-36.6114,-321.924,3.9763
1711,810,0.0890805,0,-76.6942,-352.403,4.34468
498,145,0.0882353,0,-1.28824,-279.678,-0.879482
2507,784,0.0870307,0,13.3006,-205.801,1.64118
2265,259,0.0864486,0,-48.7433,-357.757,3.84536
383,319,0.0856574,0.112627,68.4345,-368.268,-2.08046
1089,480,0.0846682,0,-129.14,-458.329,3.08734
2526,1105,0.084507,0,-102.777,-272.582,3.52711
2138,1179,0.0844687,0.896653,-306.636,-487.911,8.80886
2257,1169,0.0834532,0,-218.675,-500.987,8.20025
2624,918,0.0833333,0,-163.436,-259.716,8.02051
1648,1170,0.0825397,0,-248.872,-565.754,9.41692
1820,307,0.0823271,0,-19.2348,-373.349,1.85159
1709,1596,0.079646,0.12031,-92.3853,-612.863,8.67095
816,417,0.0795229,0,-37.7244,-291.005,1.51874
2505,204,0.0792541,0,13.5643,-168.896,-1.35864
2506,1771,0.0780952,0,8.41879,-327.14,2.40365
125,57,0.0768362,0.00808194,32.5033,35.8142,-4.62378
1744,484,0.0764526,0,-27.5978,-518.037,2.42217
2258,502,0.0759494,0,-56.8098,-497.283,3.70802
671,46,0.0758808,0,65.2178,-87.5767,-4.33239
2584,419,0.0756303,0,15.3136,-172.832,-1.58887
1415,817,0.0755556,0,-82.5343,-372.178,4.95696
829,701,0.0752688,0.0286351,-31.2133,-246.086,2.04534
443,300,0.0744467,0.120583,66.6027,-304.654,-1.97248
2560,2239,0.0740741,0,-70.7567,-275.233,4.04643
1672,1167,0.0737913,0,-271.114,-580.735,9.25288
1952,1802,0.0736842,0,-182.994,-617.745,9.15092
677,194,0.0734824,0,4.1624,-197.385,-0.619827
746,537,0.072314,0,-22.9998,-390.007,1.4038
2274,1401,0.0722656,0.575892,-92.6899,-444.977,7.2841
2134,1898,0.0721311,0,-249.933,-539.752,8.81067
813,325,0.0715532,0,-2.85421,-291.021,0.687116
1602,817,0.0702128,0,-93.5526,-403.528,5.51114
667,444,0.0695489,0,58.9627,-284.404,-1.58874
1423,225,0.068323,0,-64.84,-376.874,4.27609
903,604,0.068323,0,-5.8114,-358.53,1.45046
1168,355,0.0681319,0,-92.179,-453.357,2.56877
2088,875,0.0679348,0,-185.251,-424.537,7.63613
642,311,0.0677966,0.700658,84.7218,-303.562,-2.26173
733,314,0.066838,0.0118244,22.62,-280.401,-0.257821
1713,1161,0.0666667,0,-248.812,-581.715,9.34425
2524,1758,0.066482,0,12.1404,-295.109,2.45942
2589,884,0.0647059,0,-69.9046,-175.234,2.99235
1739,629,0.0646067,0,32.4066,-412.446,0.971854
2254,1914,0.0639535,0,-148.627,-552.983,8.82111
1411,735,0.0637899,0,-63.6538,-367.213,4.33661
2408,519,0.0629371,0,0.867019,-346.404,0.160735
1636,443,0.0624025,0,-88.0314,-500.992,4.86656
2023,1761,0.0623501,0,-201.586,-612.974,9.32764
964,53,0.0605187,0,-92.4588,-97.4255,0.158954
2489,482,0.0604982,0,38.656,-282.169,-1.39467
2152,1590,0.0599572,0,-194.18,-511.986,8.72564
466,233,0.059952,0,-13.2383,-331.144,0.756575
1285,307,0.0597484,0,-48.95,-333.159,2.99494
1023,759,0.059322,0,-193.754,-317.08,6.76093
1670,294,0.05919,0,-5.09535,-391.974,1.404
688,519,0.058011,0,38.0871,-336.617,-1.08376
2238,1647,0.0570431,0,-163.386,-548.857,9.00869
632,483,0.0566449,0.0615253,64.6307,-395.634,-1.92308
970,49,0.0565371,0,-93.7306,-98.4469,0.21191
740,321,0.0558036,0.00485755,22.7602,-298.163,-0.0720072
1986,1757,0.0555556,0,-179.04,-641.347,8.96159
1708,1288,0.0538462,0,-198.338,-480.382,9.97579
1667,813,0.053719,0,-110.979,-387.149,5.0659
2556,1808,0.0536913,0,-52.8236,-282.45,3.97368
822,421,0.0533752,0,-43.457,-287.695,1.59034
260,186,0.0533088,0.0200485,-18.4957,-199.599,-0.0190149
1596,417,0.0530726,0,-30.6745,-460.975,3.63488
1715,929,0.052795,0,-169.209,-436.215,8.91526
1573,412,0.0526316,0,-37.9228,-460.194,3.88605
1603,1028,0.0523691,0,-205.882,-458.708,7.8297
763,247,0.0518519,0.0887271,-46.1981,-275.102,3.19722
1061,550,0.0508475,0,-144.296,-442.463,3.47859
2124,737,0.0504909,0,-173.378,-392.521,5.51608
382,27,0.0494624,0,57.7548,-286.157,-2.22401
867,784,0.048951,0,-98.0347,-324.11,5.85132
475,408,0.0486726,0.198614,27.7908,-416.673,-1.44384
604,307,0.0477707,0.0507961,84.673,-346.901,-2.54723
1922,1186,0.0474934,0,-262.465,-540.936,9.094
1786,408,0.0472441,0,-36.9883,-453.151,3.56796
1447,1219,0.0464286,0,-160.815,-492.304,7.90758
470,401,0.0461255,0.317277,25.3283,-413.314,-1.38864
2172,417,0.0460829,0,-125.805,-396.137,3.69992
794,230,0.0458333,0.408016,-46.3344,-263.866,2.3484
1902,652,0.0457666,0,-10.1296,-394.811,1.93444
748,266,0.0457317,0.0322547,-10.1155,-254.595,1.82703
1705,269,0.0455531,0,-10.8352,-379.771,2.73049
1480,108,0.0454545,0,-22.0277,-239.291,2.66378
1908,437,0.0453401,0,-56.7771,-480.345,4.28733
1308,709,0.0451977,0,-136.962,-312.307,5.13512
1523,1394,0.043956,0.0280033,-104.033,-441.178,8.52132
887,267,0.0436242,0,-21.4696,-260.838,2.43159
1179,228,0.0433333,0,-172.699,-369.963,5.27152
2239,515,0.0429505,0,-78.0729,-513.915,3.98582
1777,1416,0.0429293,0.267084,-79.807,-492.055,6.34933
439,16,0.0427673,0,58.5393,-122.58,-3.80869
2144,1169,0.042042,0.457227,-305.327,-494.028,8.64005
1760,1651,0.0413907,0.0654191,-116.438,-600.629,8.86887
591,440,0.0409357,0.292441,67.8032,-408.236,-2.44806
699,245,0.0408998,0.356331,5.04914,-237.953,0.665442
1833,1225,0.0408163,0.0995981,-187.922,-448.511,8.23858
570,249,0.0408163,0,6.4463,-344.607,-0.0828261
172,68,0.0404412,0,-7.4798,-1.19116,-4.08222
2371,1294,0.040146,0,-166.495,-341.243,8.18426
655,264,0.0399306,0.211962,52.4924,-253.32,-1.0043
1628,817,0.0392954,0,-126.438,-406.656,5.98065
1954,304,0.0391061,0,-66.4386,-478.711,3.28352
1013,785,0.0390335,0,-189.679,-293.266,6.55686
1424,176,0.0385906,0,-73.5747,-326.491,3.10835
1323,306,0.0384615,0,-61.3061,-332.849,3.3726
1105,817,0.0378215,0,-196.445,-370.371,6.22057
1748,1411,0.0375587,0.0467092,-89.972,-496.154,6.66789
670,323,0.037296,0.152569,81.9497,-278.431,-1.91965
845,285,0.0371429,0,-3.21632,-265.417,1.88636
1017,273,0.0367776,0,-107.628,-267.162,2.76805
1162,1106,0.0367647,0.418758,-307.236,-511.042,9.02473
619,501,0.0364964,0,67.2616,-422.888,-1.92297
2162,263,0.0363036,0,-75.4591,-301.41,3.00192
1931,231,0.036036,0,-122.435,-453.441,5.45425
1642,1066,0.0360111,0,-248.792,-491.875,8.93906
1701,596,0.0351967,0,2.37398,-546.746,1.77528
1319,734,0.0350195,0,-149.762,-320.177,6.07036
1686,446,0.0342105,0,-67.2229,-546.062,4.08908
2062,231,0.0340557,0,-178.77,-405.545,5.71407
390,319,0.0338983,0.116339,60.1527,-365.033,-2.24579
256,78,0.0338462,0,13.7262,-83.1485,-2.51168
2539,2141,0.0334076,0,-145.618,-301.961,4.58037
2387,816,0.0327511,0.485166,-64.1657,-258.718,3.07186
1918,499,0.032419,0,-54.937,-568.583,3.28685
936,611,0.031746,0,-20.7418,-363.727,1.51871
1808,501,0.0316957,0,-57.7333,-516.104,3.65314
1916,598,0.0316901,0,1.82023,-499.731,1.31848
690,141,0.0310559,0,18.4505,-161.754,-0.794177
1238,816,0.0310078,0,-139.597,-345.325,5.35533
915,421,0.0307692,0,-75.5538,-312.449,4.1196
1197,298,0.0307263,0,-82.0094,-348.863,2.41258
2002,265,0.0304659,0,-103.152,-426.192,4.54046
2369,2250,0.030303,0,-107.61,-394.503,6.77581
2227,786,0.0302491,0,-124.429,-391.732,7.39901
1050,370,0.0300429,0,-94.3789,-413.743,1.81073
1104,363,0.029734,0,-118.727,-451.598,3.13148
505,235,0.0297203,0,-16.6054,-358.757,0.936631
1816,620,0.0295858,0,-12.3366,-419.642,1.88372
2413,1761,0.0293333,0,-27.6287,-373.69,3.54476
2508,1667,0.0291777,0,-9.71051,-318.689,2.18013
1758,1593,0.0291667,0.81765,-78.3475,-573.247,7.96164
1266,696,0.0290323,0,-73.6284,-315.504,5.12441
909,733,0.0289017,0.00895989,-99.7643,-264.706,4.80126
1448,250,0.028754,0,-36.6391,-354.481,3.6884
2437,1318,0.028436,0,-137.136,-324.588,5.72682
1029,411,0.028169,0,-161.215,-348.368,3.88932
1939,1169,0.028125,0.00242921,-259.506,-605.324,8.98295
2231,1638,0.0280702,0.0213309,-164.132,-518.726,9.17298
1678,306,0.0280374,0,4.57722,-413.01,1.04104
1408,750,0.0278884,0,-74.8161,-374.816,5.46091
808,511,0.0277778,0,-31.1736,-361.104,1.23358
2317,2099,0.0276243,0,-189.523,-477.011,8.04072
504,226,0.027439,0,-15.7948,-360.124,0.848923
1211,301,0.027027,0,-55.7161,-345.205,1.95176
325,231,0.0268041,0.0365362,21.9532,-291.58,-0.194007
1461,1013,0.026393,0,-245.656,-367.94,7.88998
1052,967,0.0261438,0.019589,-269.62,-343.372,8.29863
408,306,0.026087,0.129229,60.0253,-317.874,-2.06948
2249,1114,0.0255403,0,-234.268,-505.305,8.23391
2190,234,0.0252101,0,-120.727,-339.243,4.87362
914,669,0.0247934,0,-36.8021,-257.2,2.93073
1641,808,0.0247525,0,-106.004,-395.38,5.40775
2549,2272,0.0245902,0,-42.6918,-317.225,4.53749
1828,703,0.0243506,0,-70.9371,-353.872,4.55536
1687,1621,0.0241935,0,-151.964,-633.471,8.79671
1909,1659,0.024024,0.415484,-177.835,-643.458,10.1409
1718,834,0.0239808,0,-125.792,-440.835,7.80603
1925,1008,0.0238806,0,-257.576,-460.963,8.5827
1194,329,0.0238095,0,-104.62,-394.776,3.26965
1246,441,0.0236486,0,-105.103,-409.835,5.38896
2057,1013,0.0234834,0,-313.731,-437.615,8.87163
495,264,0.0233766,0,27.9271,-341.703,-0.641113
2039,1220,0.0232143,0,-284.103,-552.687,9.26435
1122,225,0.0231425,0,-175.7,-391.899,5.57399
1912,1169,0.0230769,0,-252.649,-563.594,9.42671
1899,1596,0.0229277,0.186193,-128.762,-584.381,8.67928
2365,2051,0.0227848,0,-207.479,-460.086,8.1593
1685,1104,0.0225734,0,-254.843,-562.664,9.03699
1806,1592,0.0218487,0.227063,-98.4642,-545.745,8.26029
2019,1652,0.0215633,0,-242.94,-647.908,10.2456
1381,866,0.0215264,0.0429301,-141.677,-403.275,7.75226
1369,1212,0.0212014,0.101167,-213.728,-438.049,8.48301
2021,1821,0.0202532,0,-224.973,-563.877,9.0621
1559,731,0.0201097,0,-64.2196,-378.453,4.26161
590,362,0.0200501,0.633137,84.6718,-428.499,-3.04797
533,480,0.02,0.395304,30.1283,-484.611,-1.67334
2135,257,0.0199734,0,-130.871,-352.157,3.98013
572,258,0.0198675,0,18.8914,-335.868,-0.46992
1928,1587,0.01983,0.0337317,-136.981,-614.534,8.74347
1810,802,0.019536,0,-89.1236,-368.03,4.38162
987,729,0.0190476,0,-144.296,-265.846,4.80471
1116,652,0.0190157,0,-73.4576,-373.002,2.10789
2473,2056,0.0189873,0,-227.85,-472.6,7.56403
1987,258,0.0189655,0,-109.275,-433.424,4.60419
2065,1814,0.0189573,0,-233.075,-526.783,8.54493
1910,1111,0.0186667,0,-258.511,-543.443,9.18819
1096,313,0.0184843,0,-79.3573,-372.726,2.57937
1757,1597,0.0183299,0.657339,-86.6348,-571.188,7.7281
421,227,0.0182927,0.0169377,-13.7637,-285.949,0.706983
2126,439,0.0180723,0,-167.09,-457.335,5.10847
1155,220,0.0178082,0,-178.608,-398.958,5.67582
860,106,0.0177305,0,-67.4329,-180.165,2.42392
2008,1579,0.01766,0,-183.977,-616.188,9.17858
1313,641,0.0174825,0,-78.2395,-341.652,3.36861
1590,814,0.017301,0,-74.1881,-394.942,5.39008
2306,1853,0.0172414,0,-158.577,-457.703,8.72717
2234,1826,0.0168712,0.617515,-156.476,-471.465,8.74268
2182,1220,0.0167064,0.538542,-236.545,-444.359,7.87261
484,37,0.0163488,0,47.3137,-298.623,-3.26122
1055,254,0.016092,0,-144.307,-312.545,4.46051
352,273,0.0160256,0,66.8014,-311.228,-1.95582
1066,809,0.0158311,0,-166.024,-311.969,4.85337
387,18,0.0157729,0,46.6979,-215.226,-3.09636
925,735,0.0156951,0,-111.522,-277.219,5.34943
1548,201,0.015625,0,-68.6777,-330.862,2.81214
1440,788,0.0155844,0,-72.987,-419.58,6.24693
831,780,0.0153846,0.299795,-99.8762,-281.346,5.94979
510,292,0.0152964,0,58.5689,-369.68,-1.4933
2481,96,0.0152284,0,6.75126,8.22118,-2.54825
1322,668,0.0152284,0,-83.5493,-309.059,4.34897
2145,1760,0.0149031,0,-205.829,-515.508,8.3898
1228,707,0.0148515,0,-80.5058,-319.114,3.41734
984,58,0.0145773,0,-98.2916,-100.723,0.246611
1099,1005,0.0145631,0,-305.359,-382.984,8.28917
2362,1269,0.0144509,0,-140.548,-363.702,8.37449
929,707,0.0144509,0,-76.9504,-266.652,3.9938
427,233,0.0144231,0.019113,-3.78386,-287.572,0.840862
1410,543,0.0143443,0.0309664,-41.3965,-466.904,3.42394
512,46,0.0143149,0,40.6022,-191.782,-4.89771
1431,304,0.0143084,0,4.94397,-391.989,2.06096
1815,1173,0.0142687,0,-238.227,-503.124,8.23705
2581,1474,0.0140351,0,-22.2162,-249.092,2.96687
959,556,0.0139535,0,-106.813,-389.116,3.62669
2486,459,0.0138249,0,31.2755,-254.126,-1.68259
869,679,0.0136986,0,-34.6824,-290.989,2.64116
2075,917,0.0136054,0,-233.179,-436.486,9.35728
1103,303,0.013468,0,-86.4013,-367.474,2.4098
883,645,0.0134228,0,5.63035,-304.376,1.00058
1552,555,0.0134003,0,-36.6824,-480.311,2.95051
1222,257,0.0131579,0,-96.946,-325.221,3.42116
446,130,0.0131579,0,13.8002,-187.366,-0.836599
2590,1150,0.0131579,0,-172.354,-326.983,4.71816
2293,1773,0.0131332,0.0694789,-78.3675,-494.626,6.86684
2241,1101,0.0131048,0,-240.599,-483.882,8.3075
2482,1892,0.0131004,0,-126.939,-470.279,6.35328
928,858,0.0128617,0.0166332,-162.099,-322.844,7.62527
2111,1830,0.012848,0,-210.489,-493.354,8.86864
2100,1388,0.0127389,0,-180.175,-471.409,8.67075
2496,275,0.0126263,0,56.3819,-186.53,-1.25992
2211,1379,0.0122807,0.86887,-162.026,-438.723,9.22393
1455,1400,0.0122699,0.13166,-93.5138,-463.258,7.85624
2142,524,0.0121396,0,-180.129,-498.548,4.98132
1459,138,0.0120773,0,-37.7133,-245.954,2.94123
1973,1117,0.0120192,0,-282.92,-612.607,9.61399
2224,696,0.0119904,0,-72.7028,-354.878,4.59941
575,311,0.0119863,0,62.6807,-367.174,-1.88198
233,47,0.0118483,0,5.84151,-78.7287,-2.92228
1517,953,0.0117647,0,-192.506,-328.301,9.33581
2046,1388,0.0115942,0,-206.613,-503.028,9.22549
1762,448,0.0115702,0,-32.958,-489.454,4.2069
2191,1123,0.0115385,0.00950263,-259.327,-490.092,8.32995
380,254,0.0112676,0,13.4096,-307.174,-0.0722141
2226,101,0.011236,0,-102.705,-281.204,4.53338
1126,418,0.0110865,0,-168.723,-456.833,4.90595
1955,1335,0.0110759,0,-221.883,-539.271,10.0474
1493,555,0.010989,0,12.4939,-506.969,1.41009
2171,1876,0.0109589,0.0338971,-216.06,-496.537,8.05438
807,595,0.0107527,0,11.8507,-344.314,-0.48281
1157,292,0.0107239,0,-124.748,-410.918,4.02156
1303,746,0.0106762,0,-193.459,-345.228,7.3866
1178,1111,0.0106545,0.748625,-305.248,-495.352,8.65317
1106,365,0.0106383,0,-119.712,-458.502,2.97171
1233,545,0.0106383,0,-104.838,-470.79,3.63304
2391,1822,0.0105263,0,-102.836,-365.173,5.18651
2502,2285,0.0104348,0,4.79501,-282.019,2.0031
1655,647,0.010274,0,11.1748,-391.865,0.972081
2175,1432,0.0102041,0,-146.649,-481.365,7.05359
2155,1085,0.0100865,0.814228,-310.65,-447.921,8.86279
1616,500,0.0100806,0,-60.4235,-544.146,4.0604
2117,227,0.0100756,0,-165.071,-392.919,5.32595
1172,1114,0.0100671,0.779132,-304.613,-508.101,8.61649
1212,855,0.01,0,-192.996,-389.347,7.40297
1725,711,0.00997506,0,-36.9116,-359.104,3.2517
415,78,0.00982801,0,24.8796,-81.0463,-4.08624
1280,817,0.00961538,0,-146.568,-319.508,7.10107
2561,2040,0.00959233,0,-182.753,-392.662,5.95089
917,702,0.00958466,0,-50.5319,-259.178,3.46596
1136,1054,0.00945626,0,-287.879,-463.124,8.71647
805,440,0.00938967,0,-20.0162,-292.295,0.879206
198,63,0.00934579,0,-7.28328,-51.2145,-4.00371
1165,814,0.00928382,0,-184.509,-386.895,5.96321
1158,265,0.00927152,0,-120.589,-373.697,4.13277
1526,882,0.00917431,0,-102.439,-358.802,7.41544
1092,637,0.00915751,0,-87.8084,-379.202,2.84987
354,259,0.00914634,0,46.6039,-312.31,-1.11985
895,570,0.00914634,0,-34.9553,-389.929,1.99516
963,177,0.00900901,0,-147.255,-199.44,3.44279
2129,1591,0.00897666,0,-192.103,-543.36,8.64531
602,340,0.00895522,0.400748,89.0148,-386.761,-2.76489
585,439,0.00892857,0.305405,55.4051,-401.858,-1.83836
1766,1177,0.00888889,0,-198.501,-526.267,8.41378
862,269,0.00884956,0,-30.3449,-286.949,2.49157
1849,754,0.00883002,0,-132.78,-387.785,7.35172
177,64,0.00873362,0,-6.2856,-13.2295,-4.3442
285,16,0.0087108,0,73.4756,-100.352,-3.48034
823,58,0.00846024,0,-30.5163,-92.0187,-1.61868
1851,1437,0.00842697,0.146008,-134.65,-486.092,8.0586
330,178,0.00826446,0,13.1947,-231.974,-1.76465
1965,1107,0.008,0,-283.891,-591.258,9.43674
1331,800,0.00787402,0,-137.555,-325.41,6.59161
1006,919,0.00777202,0.0697424,-247.178,-292.72,8.49739
697,301,0.00773694,0.249458,54.9558,-256.156,-1.05506
1405,810,0.00772201,0,-76.4464,-354.503,5.20482
1886,815,0.00770416,0,-130.402,-408.966,5.95922
1693,1576,0.00767263,0,-103.695,-611.003,7.8946
2355,727,0.00738007,0.104221,-54.0158,-269.135,2.79391
440,237,0.00728863,0.00469375,-15.1455,-282.306,0.646212
1153,652,0.00717703,0,-82.5429,-395.568,2.67176
2368,1901,0.00714286,0,-125.819,-445.797,7.57434
1484,1407,0.0070922,0.0523915,-67.9502,-476.683,7.1532
701,451,0.0070922,0,24.4905,-291.736,-0.530105
1985,265,0.00705219,0,-95.1726,-430.349,4.27029
2348,263,0.00699301,0,9.58203,-249.151,0.974487
1243,808,0.00696864,0,-118.305,-339.894,5.16936
1426,306,0.00692521,0,5.77932,-384.165,1.70124
918,787,0.00689655,0,-125.247,-292.512,7.14408
1220,817,0.00687285,0,-153.789,-340.271,5.58002
593,368,0.00684932,0.805279,85.9205,-436.021,-3.29058
2198,774,0.00682594,0,-140.48,-380.446,6.78408
1920,1235,0.00677966,0,-196.004,-518.623,8.13633
2119,1172,0.00671141,0.494264,-304.026,-527.056,8.78022
538,261,0.00664452,0,17.8167,-339.492,-0.201974
1370,538,0.00660793,0,-103.802,-462.643,4.76422
1005,307,0.00657895,0,-71.8275,-290.473,1.55435
2032,1563,0.00646204,0,-201.525,-568.858,8.47356
596,443,0.00641026,0.283383,68.085,-409.748,-2.43886
2514,1680,0.00641026,0,-1.28194,-313.812,2.13228
1826,345,0.00636943,0,-49.3958,-425.137,3.89277
2563,1160,0.00634249,0,-169.764,-330.027,5.08678
2143,1181,0.00632911,0.749363,-305.611,-479.846,8.52734
2158,1818,0.00630915,0,-227.042,-470.086,8.07883
2154,499,0.00628931,0,-156.889,-479.684,4.37899
232,55,0.00627943,0,1.84987,-92.0534,-2.67394
2115,816,0.00625,0,-194.014,-406.484,6.34884
583,235,0.00622407,0,-3.98177,-328.088,0.54683
1712,305,0.00621118,0,38.9083,-373.087,0.133995
553,418,0.00618238,0.00874082,30.5237,-425.88,-1.57715
1166,805,0.005997,0,-173.763,-384.574,5.44759
203,44,0.00595238,0,-13.4165,-90.4199,-3.38681
518,219,0.00578035,0,-16.5967,-368.095,0.63619
1644,1112,0.00576369,0,-248.097,-552.736,9.3848
1338,783,0.00573066,0,-137.749,-337.052,8.08302
1489,1314,0.00558659,0,-201.095,-422.524,9.15248
962,52,0.00555556,0,-89.912,-95.5375,-0.00302831
1561,1172,0.00550964,0,-179.47,-500.259,7.37101
1901,1814,0.00537634,0.126937,-166.568,-548.816,8.55067
568,254,0.00520833,0,14.1506,-344.445,-0.328509
1185,519,0.00519031,0,-181.606,-499.1,4.8288
698,131,0.00508906,0,22.8987,-173.679,-0.239333
2534,304,0.00507614,0,81.7604,-195.526,-1.98141
2484,1289,0.00502513,0,-146.132,-308.805,6.43296
830,324,0.005,0,-10.9163,-296.57,1.20324
682,286,0.005,0.353874,63.5821,-232.501,-1.41539
268,145,0.0049505,0,9.04486,-167.095,-0.133228
1675,136,0.0049505,0,-77.8843,-295.904,3.34418
2251,2134,0.00492611,0,-231.792,-498.766,8.27337
1906,1587,0.00486618,0.0797357,-115.812,-584.96,9.06217
1031,301,0.00480769,0,-85.7531,-307.188,2.17792
890,89,0.00471698,0,-54.8988,-98.0181,1.36481
2071,245,0.00471698,0,-153.266,-389.9,5.161
2176,1233,0.00464037,0.381162,-226.525,-444.896,7.57376
1904,443,0.00449438,0,-83.6992,-502.502,4.9454
2381,251,0.0044843,0.200107,-29.9624,-253.863,2.08525
1745,537,0.00447427,0.00305586,-47.3188,-543.078,3.41136
327,259,0.00443459,0.0432182,46.5808,-282.394,-0.768758
2500,1569,0.00443459,0,9.12691,-303.742,2.1362
580,283,0.00442478,0,61.3684,-325.14,-1.48011
1316,553,0.00434783,0,-131.997,-433.346,4.77661
1201,807,0.00431034,0,-156.821,-336.074,5.00814
1418,254,0.00421053,0,-45.4021,-358.68,3.5874
2591,1849,0.0041841,0,-119.98,-306.446,5.30561
494,242,0.0041841,0,-2.66568,-362.404,-0.00658355
2404,2043,0.00412371,0,-172.698,-430.656,5.85756
1699,327,0.0040404,0,4.12694,-484.275,2.16903
2114,269,0.00402414,0,-116.5,-378.095,3.97605
922,265,0.00396825,0,-55.3126,-262.319,3.68446
2196,650,0.00392157,0,-37.9378,-348.819,1.61124
2483,1191,0.00392157,0,-220.047,-381.689,6.53846
1325,821,0.00389105,0,-165.728,-319.534,7.16894
2242,1121,0.00386473,0,-237.586,-515.482,8.63073
2035,1591,0.00385356,0,-212.278,-601.684,9.24358
1098,805,0.00383877,0,-178.215,-359.204,5.3971
2099,1236,0.00381679,0,-230.16,-480.187,8.02407
2492,1877,0.00380228,0,-54.5212,-320.018,3.1878
800,412,0.00380228,0.0111801,-16.8206,-298.765,0.858773
2567,1592,0.00376648,0,-32.4675,-314.563,4.20999
1679,1114,0.00374532,0,-260.757,-581.695,9.18589
2551,514,0.0037037,0,32.4037,-304.379,-0.705345
303,56,0.00355872,0,70.2842,-138.574,-4.52495
1329,370,0.00350877,0,-82.1371,-406.283,4.04726
2076,310,0.00348432,0,-63.5919,-400.025,2.53576
2009,1475,0.00345423,0,-190.271,-628.382,9.84112
2547,1763,0.00336134,0,-11.3008,-327.262,4.3106
2512,2013,0.0033557,0,-65.8864,-345.906,3.62642
1982,502,0.0033389,0,-149.334,-638.403,5.37878
1283,1120,0.00324675,0,-263.512,-454.991,9.99994
1279,717,0.00319489,0,-102.055,-304.297,5.6695
2125,1761,0.00315457,0,-197.927,-548.361,8.66509
817,534,0.00308166,0,-37.5663,-368.019,1.42604
870,749,0.00304878,0.0281457,-96.4271,-320.393,5.31987
810,370,0.003003,0,-0.767029,-339.318,-0.0339162
2079,1592,0.00293255,0,-164.281,-555.616,8.91923
1872,1418,0.00292398,0.164375,-124.528,-491.219,6.99525
1958,1189,0.00290698,0,-277.929,-579.63,9.54938
1927,714,0.00289017,0,-88.1437,-417.533,4.51162
1652,335,0.00282486,0,-7.59998,-453.648,2.18605
2058,1765,0.00280899,0,-204.136,-562.923,9.23988
606,331,0.00278552,0.391644,87.6139,-373.452,-2.45895
1692,225,0.00277778,0,-84.4394,-442.725,4.83459
1333,596,0.00273224,0,-75.01,-402.982,4.04275
2123,1104,0.00273224,0.455778,-305.72,-505.381,8.85862
1121,441,0.0027248,0,-176.19,-464.359,5.28041
2200,1151,0.0027248,0.00217379,-238.184,-494.087,8.65214
798,486,0.00271739,0,-1.52588,-380.374,0.246793
1682,596,0.00271739,0,-2.58892,-532.833,1.32909
1969,1092,0.00262467,0,-285.958,-579.595,9.75097
1443,651,0.00258398,0,15.4429,-387.928,1.6773
262,211,0.00257069,0.146877,-13.1423,-227.978,0.184728
1064,554,0.00257069,0,-118.599,-449.115,2.82854
1171,1066,0.00256082,0.109419,-308.131,-452.962,8.34594
448,225,0.00254453,0.00378411,-18.8118,-299.388,0.798807
2392,2254,0.00253807,0,-82.91,-350.609,4.59326
312,251,0.00253807,0.0505243,37.9416,-273.853,-0.556907
2406,223,0.00252525,0.42533,-30.3535,-241.709,1.60005
1011,816,0.00251889,0,-188.308,-274.479,5.49345
985,548,0.00251889,0,-124.7,-385.465,3.95805
389,252,0.00244499,0,3.00809,-309.524,-0.000279559
2535,2134,0.00241546,0,-122.002,-288.502,3.95302
1115,641,0.00241546,0,-73.9905,-389.604,2.12215
806,60,0.00239234,0,-8.24786,-105.259,-2.27737
1695,1235,0.00236967,0,-172.907,-563.168,7.96015
1145,1055,0.00235849,0,-284.211,-464.662,8.81917
1844,857,0.002331,0.0829665,-156.453,-404.779,7.77959
834,224,0.00227273,0.18698,-75.9204,-259.006,3.72001
2360,1404,0.00226757,0,-81.7209,-388.832,6.50412
1763,443,0.00224215,0,-30.9583,-491.066,4.60886
2030,988,0.0021645,0,-285.467,-501.78,9.50484
515,224,0.0021322,0,-20.7793,-358.776,0.858722
1438,749,0.00211864,0,-72.5532,-409.093,5.85887
1653,305,0.00211416,0,3.96298,-397.705,1.34244
2544,2413,0.0021097,0,28.8584,-164.109,0.0366595
1576,237,0.00209205,0,-61.7906,-383.648,4.36816
1704,19,0.00208333,0,-29.3242,-347.063,2.63327
1950,816,0.002079,0,-164.259,-491.918,6.84231
534,231,0.00207469,0,-13.9352,-364.281,0.513437
1814,444,0.00206612,0,-82.9222,-451.756,4.35789
1189,1122,0.00204499,0.29486,-306.443,-496.978,8.8763
306,233,0.00204082,0.00968796,29.2278,-275.706,-0.439049
522,269,0.00197628,0,32.8913,-336.28,-0.527035
557,263,0.00195312,0,26.6461,-343.296,-0.622077
301,55,0.00190476,0,70.0334,-134.93,-4.47959
1888,319,0.00189036,0,-45.6217,-441.904,3.07563
2150,1785,0.00179856,0,-181.568,-486.738,7.93636
1759,201,0.00178891,0,-66.3404,-350.369,2.86764
2061,728,0.00178253,0,-186.161,-406.877,5.96943
1574,227,0.0017762,0,-58.1628,-382.4,4.34013
1802,667,0.00175439,0,-10.7281,-362.751,2.62386
1591,1220,0.00172712,0,-150.358,-512.73,8.20234
434,272,0.00167504,0.044314,49.1283,-274.289,-1.06533
1176,816,0.00167224,0,-192.903,-376.983,5.9826
972,537,0.00164745,0,-116.88,-394.716,3.7578
1007,812,0.00164204,0,-176.077,-271.827,5.01991
2272,417,0.00162602,0,-50.5468,-416.031,4.03167
2149,232,0.00162338,0,-179.436,-360.31,5.5588
1186,443,0.00160772,0,-187.357,-435.185,5.28765
1159,652,0.00160514,0,-88.882,-396.49,2.76045
242,43,0.00160256,0,1.01053,-114.058,-2.0325
660,502,0.00148588,0,61.0882,-358.017,-1.74855
2148,1181,0.00146199,0.693284,-305.853,-474.083,8.6327
1996,179,0.00145985,0,-160.602,-366.518,3.92651
2137,439,0.00145773,0,-171.868,-440.117,4.9307
1988,1663,0.00134409,0.0706339,-245.28,-699.263,10.3671
1110,255,0.00127714,0,-140.133,-356.135,4.36587
1819,440,0.00126582,0,-81.3751,-436.373,4.14049
2250,511,0.00115607,0,-67.6037,-519.419,3.62539
