2172,734,0.735043,0.886757,-74.4072,-315.511,5.55472
2190,751,0.716814,0.739738,-59.5803,-280.761,4.15358
2074,1361,0.711198,0.798128,-122.855,-483.512,7.37115
2191,753,0.680851,0.740843,-56.8118,-280.463,3.63907
675,237,0.640708,0.65979,-12.906,-238.619,1.02342
607,295,0.610256,0.625199,82.0323,-296.45,-2.56237
690,227,0.60372,0.876201,-44.8181,-244.925,1.87864
535,376,0.6,0.867912,83.1518,-471.688,-3.16604
669,243,0.575875,0.756316,4.49256,-238.623,0.419743
1131,1037,0.574786,0.792003,-310.365,-457.832,8.7669
605,295,0.562937,0.709376,82.5513,-298.435,-2.50363
2069,1369,0.55364,0.80032,-140.258,-500.893,7.42657
544,362,0.542339,0.757224,88.559,-444.731,-3.11957
688,223,0.524288,0.82832,-47.38,-243.532,2.02634
538,374,0.518272,0.694927,84.8797,-465.292,-3.17175
2066,1369,0.465921,0.647665,-143.874,-504.701,7.4464
69,15,0.429561,0.490921,54.5328,97.0576,-7.01696
169,42,0.414248,0,-17.1011,-25.9534,-4.0456
2414,354,0.409978,0,75.4565,-271.366,-2.35993
526,384,0.403509,0.677697,82.0386,-490.539,-3.23466
686,227,0.375,0.79617,-42.0104,-243.573,1.65608
2457,61,0.366492,0.0243057,34.9318,64.4214,-6.04681
537,374,0.346505,0.688357,84.4705,-466.735,-3.14665
610,291,0.341651,0.753788,82.2385,-288.159,-2.61233
679,235,0.331263,0.712469,-20.9005,-239.133,1.25311
1401,1188,0.319626,0.80623,-172.268,-439.04,8.42927
323,254,0.318396,0,61.0847,-290.792,-1.35456
1780,1624,0.306092,0,-169.4,-632.887,9.06529
2202,227,0.302521,0.759058,-44.068,-244.533,1.85977
591,540,0.302395,0.0202039,88.1061,-397.87,-2.66707
2469,2298,0.297872,0,31.0097,-125.971,-1.48284
2411,2024,0.29718,0,-52.6523,-317.862,4.54615
667,247,0.297101,0.77228,12.4635,-238.814,0.390887
973,236,0.293296,0,-155.904,-303.446,4.00733
1130,522,0.282306,0,-105.396,-481.917,2.41926
899,235,0.273859,0,-110.12,-265.341,4.90518
684,228,0.26975,0.771255,-37.6889,-243.193,1.54035
2037,1580,0.265372,0.737879,-181.45,-564.771,8.60578
2179,721,0.262873,0.506314,-75.0587,-301.623,5.67737
1292,1213,0.26087,0.0383583,-83.9611,-454.649,7.66491
664,247,0.253691,0.821644,16.4903,-238.672,0.33921
567,335,0.253687,0.71144,88.3967,-381.137,-2.96323
1021,270,0.247734,0,-73.8551,-300.551,2.05628
1599,1390,0.247619,0.10733,-152.046,-497.678,8.36219
1105,379,0.242165,0,-83.0441,-499.619,1.60303
1799,400,0.240476,0,-92.4776,-586.3,3.28082
655,461,0.238727,0,35.7372,-344.152,-0.803216
1839,1387,0.236162,0,-223.046,-514.283,9.13468
1543,373,0.230294,0,-51.9034,-465.179,3.09253
1636,985,0.221545,0,-184.246,-464.508,7.80033
905,391,0.212851,0,-62.5804,-406.754,1.97065
2032,773,0.211268,0,-120.071,-396.513,5.42793
1336,285,0.209964,0,19.2865,-344.405,1.1637
2313,1914,0.209302,0,-113.159,-400.378,4.93153
542,372,0.205686,0.598291,86.9564,-457.117,-3.31183
1578,518,0.203046,0,-66.9382,-537.184,3.50291
2046,551,0.197861,0,-53.1972,-488.699,2.71381
2438,790,0.195876,0,-64.5105,-159.456,2.61045
531,375,0.195822,0.818006,82.7125,-475.546,-3.27792
968,384,0.195373,0,-91.2464,-434.595,1.2524
2449,1835,0.190476,0,-188.362,-352.502,5.31999
625,353,0.189723,0,82.2039,-328.682,-2.55337
1699,38,0.187919,0,-22.5027,-305.492,0.732067
903,421,0.18595,0,-98.9468,-385.789,3.68769
1845,1009,0.176966,0,-310.724,-479.216,8.62791
1703,19,0.173333,0,-33.5957,-366.054,2.89159
500,360,0.167715,0.183104,64.3387,-473.171,-2.42645
1981,672,0.1673,0,-88.8085,-417.204,4.20443
2077,517,0.166466,0,-24.5354,-493.722,1.99071
2348,400,0.166234,0,78.445,-341.779,-2.30434
2342,1743,0.165829,0,-57.6207,-457.69,2.98881
2353,258,0.165775,0.18694,61.691,-215.668,-1.45598
909,515,0.162437,0,-63.3303,-409.531,1.50223
1038,411,0.162025,0,-148.187,-478.688,3.85571
1361,965,0.161396,0,-224.219,-413.105,7.22681
1680,1623,0.16,0.202305,-90.6922,-593.93,8.27401
2336,375,0.16,0,76.1723,-363.422,-1.99597
543,374,0.157801,0.629009,86.2848,-458.953,-3.23225
2422,2021,0.156171,0,-71.5345,-326.245,4.98116
961,741,0.152034,0,-214.368,-320.797,6.56248
2067,1369,0.149712,0.727591,-142.453,-503.443,7.44878
2483,1165,0.148148,0,-202.157,-375.087,6.46911
971,483,0.147632,0,-164.029,-446.898,3.51964
776,515,0.147493,0,-3.29589,-378.55,-0.296674
786,391,0.14653,0,-16.451,-378.719,0.399743
1848,1210,0.146417,0,-202.799,-493.31,8.21285
2413,656,0.145773,0,44.3404,-172.613,-0.329782
1784,1703,0.144989,0,-214.736,-704.775,9.8682
2052,1572,0.144385,0.655547,-175.628,-539.642,8.15389
559,383,0.143731,0.116453,85.8848,-451.899,-3.29542
1077,766,0.139651,0,-169.294,-393.694,5.27507
485,261,0.139364,0,41.6734,-336.884,-1.19639
645,412,0.138462,0,43.4235,-374.94,-1.53221
2340,2247,0.134904,0.0830567,30.9466,-190.083,-0.634122
282,151,0.134709,0,27.1029,-171.396,-1.38353
549,309,0.129151,0.139534,89.6248,-379.068,-2.90511
2277,1638,0.127451,0,-25.2247,-366.333,3.78727
1920,1537,0.126984,0.000675149,-184.284,-466.348,8.75778
589,30,0.126761,0,89.9265,-233.19,-2.70322
1127,407,0.126679,0,-159.09,-486.564,4.08904
1571,1083,0.126394,0,-227.656,-543.467,8.37579
2433,1126,0.124567,0,-164.132,-277.933,4.23353
777,236,0.124424,0.197749,-48.21,-247.543,2.18999
514,265,0.12037,0,69.1097,-362.406,-2.28173
1310,1143,0.118644,0,-238.089,-451.127,9.3592
2341,1655,0.1174,0,14.718,-382.453,2.70586
2029,1238,0.117063,0.0694788,-119.202,-533.501,7.54884
2403,360,0.116667,0,85.2197,-252.759,-2.17052
1834,1199,0.115942,0,-215.792,-506.788,8.93997
519,266,0.113527,0,71.6675,-354.031,-2.34523
1533,1186,0.112628,0.554322,-175.361,-438.262,8.47093
2420,485,0.112022,0,29.7042,-309.249,-0.613915
2145,886,0.11194,0,-165.514,-324.415,8.2171
1351,523,0.111753,0,-21.2237,-479.203,2.47249
2091,529,0.108527,0,-4.57975,-471.478,1.78886
2113,1387,0.107981,0.242671,-135.283,-457.741,8.17111
2004,524,0.106222,0,-11.2806,-550.129,1.60428
418,36,0.106017,0,48.8649,-306.719,-3.18364
182,115,0.105793,0,-38.1082,-77.689,-1.22795
1104,288,0.105413,0,-89.8948,-391.713,2.34361
455,365,0.103448,0.153485,63.7742,-470.044,-2.67284
329,263,0.102102,0.000677249,71.474,-296.517,-2.05822
1651,391,0.101796,0,10.8571,-538.532,1.67384
882,457,0.101562,0,-89.8481,-399.044,3.99259
318,72,0.101307,0,64.9794,-120.737,-4.77135
2257,1232,0.10125,0,-36.1837,-309.823,2.76976
2368,2010,0.100775,0,3.37306,-302.284,1.66112
1527,1164,0.1,0.241824,-209.391,-433.404,8.71813
940,784,0.0997305,0,-217.373,-273.116,5.5368
705,396,0.099631,0,14.9259,-398.606,-0.317496
1994,393,0.0971787,0,-13.7447,-565.083,1.25637
2299,1235,0.0969388,0,-44.595,-399.278,3.82567
1120,517,0.0967742,0,-126.291,-497.183,2.38254
1489,489,0.0965517,0,-130.717,-436.344,5.98336
1241,522,0.0943396,0,1.55936,-500.873,1.7947
879,461,0.0933852,0,-92.8118,-400.118,4.36325
585,378,0.0930233,0,84.4392,-414.928,-2.82171
697,258,0.0923483,0.156801,6.90476,-244.605,0.331387
1191,736,0.0918728,0,-128.538,-389.255,7.76128
1755,1656,0.0909091,0,-168.286,-665.989,8.3804
1827,470,0.0903226,0,-193.582,-588.453,6.01793
2003,460,0.0902256,0,-63.29,-573.515,3.7341
948,608,0.0901857,0,-112.094,-301.066,1.97104
2374,1813,0.0897155,0,-109.871,-391.747,4.25633
400,288,0.0892116,0,76.9801,-376.678,-2.67041
517,396,0.086758,0.798541,83.0775,-510.678,-3.57062
1575,522,0.0862944,0,-55.8379,-527.407,2.62909
2242,526,0.0862944,0,38.3597,-353.814,-1.68858
493,409,0.0862385,0.768951,33.6533,-510.665,-1.61027
2081,421,0.0856643,0,-42.3953,-475.961,3.23267
2252,1848,0.085622,0,-176.829,-374.544,5.09461
1686,839,0.0841121,0,-122.182,-443.75,7.65407
191,59,0.0830671,0,-9.59484,-35.7942,-4.22767
2329,1211,0.0824176,0,-43.1653,-357.802,4.19701
2481,1,0.0816327,0,56.7468,105.704,-6.26709
2200,687,0.0815348,0.861356,-45.5857,-247.899,1.98993
2364,244,0.0810235,0.0349868,46.7522,-198.823,-0.825414
1673,536,0.0810056,0,22.2272,-513.204,0.668332
498,380,0.078481,0.305348,64.4157,-490.739,-2.87103
454,252,0.078329,0,30.2566,-341.823,-0.67817
541,245,0.078125,0,46.3177,-340.068,-1.36927
1037,563,0.0771208,0,-100.453,-422.582,2.53925
1379,965,0.0769928,0,-242.855,-414.752,7.17172
245,142,0.0765217,0,-3.43637,-165.805,-0.0486941
1714,514,0.075718,0,-10.5622,-597.13,1.63534
785,687,0.0755102,0.305961,-75.548,-248.32,2.86765
1480,387,0.0754717,0,-94.8835,-435.999,3.68019
1668,588,0.0750988,0,22.3539,-419.991,1.43851
547,358,0.0748299,0.806312,89.0161,-437.305,-2.94661
522,395,0.0737327,0.681232,82.3463,-505.615,-3.3372
1903,1211,0.0734694,0,-134.979,-463.775,7.83156
1528,742,0.0724638,0,-128.293,-360.608,7.7535
2382,381,0.0704762,0,84.2516,-320.111,-2.71751
1524,1079,0.0703518,0,-241.598,-483.348,9.19517
2146,679,0.07,0.0163839,-36.5049,-267.459,2.46411
1719,978,0.0698198,0,-249.205,-512.202,7.88334
857,44,0.0692771,0,-35.1257,-78.3517,-1.10403
685,227,0.0682594,0.736226,-40.0511,-243.61,1.58474
510,395,0.0681818,0.74345,76.4768,-512.815,-3.12972
1197,566,0.0678643,0,-41.1204,-414.085,3.31056
1468,314,0.0669856,0,-95.7482,-358.146,3.78723
827,385,0.0664557,0,-1.36884,-434.118,0.546535
2308,1244,0.0660377,0,-41.5166,-422.528,4.70556
1705,380,0.0659091,0,15.3406,-555.734,0.490953
1744,445,0.0656934,0,-94.0583,-599.463,3.60019
2102,368,0.0655738,0,8.05799,-444.266,1.28265
972,684,0.0653266,0,-172.725,-307.326,4.37309
1684,1617,0.0644391,0.252275,-102.242,-597.913,8.23518
931,352,0.0634921,0,-106.794,-354.951,1.98235
2002,699,0.0628834,0,-94.1317,-404.281,5.10228
2014,1104,0.0628571,0,-252.716,-572.837,9.24263
1964,1152,0.0625,0,-254.084,-506.356,8.99983
345,263,0.0617761,0,70.186,-306.25,-2.34049
1625,517,0.0604396,0,8.85036,-537.87,1.73101
2240,508,0.0596206,0,23.3479,-351.517,-1.30494
1757,1088,0.0591398,0,-259.854,-632.632,8.65545
1818,1249,0.0591398,0,-203.267,-582.42,8.78261
2008,574,0.0590909,0,0.0544416,-458.337,1.85749
2361,425,0.0588235,0,65.5676,-289.913,-1.74279
745,250,0.0584192,0.0301617,-17.1241,-258.742,2.25278
1467,763,0.0582524,0,-167.651,-322.96,6.10443
1637,1341,0.0576208,0.209749,-77.3074,-487.095,6.46601
1664,1057,0.0573013,0,-235.418,-532.548,8.15759
1595,686,0.056872,0,-88.2487,-380.72,4.54674
2391,522,0.0567686,0,82.9556,-278.637,-2.15405
1463,870,0.056701,0.0288503,-237.073,-350.187,8.96494
2136,1395,0.0560224,0.0304201,-137.333,-427.012,7.73555
695,517,0.0554156,0,15.3072,-371.605,-0.869664
761,402,0.0549898,0,6.96119,-379.672,-0.29325
1653,1118,0.0549296,0,-208.477,-529.225,8.10291
2442,979,0.0544662,0,-178.951,-228.792,3.82925
1308,547,0.0540541,0,68.1387,-443.877,-0.978312
1830,683,0.0536278,0,-179.406,-435.334,5.90179
1700,1066,0.0527426,0,-241.633,-587.206,8.80328
1513,525,0.0526316,0,-54.1638,-445.331,3.72471
2229,499,0.0526316,0,-11.4328,-351.09,-1.32352
1666,230,0.0523256,0,-56.6995,-361.622,3.84367
189,4,0.0512821,0,-12.7093,-44.9082,-3.17391
1017,140,0.0507042,0,-162.193,-213.47,3.09335
1836,518,0.0502283,0,-141.838,-555.038,4.51543
1556,1076,0.0498339,0,-237.401,-523.497,8.78653
2021,515,0.048583,0,-22.8283,-553.266,1.61438
946,522,0.0483005,0,-131.073,-396.852,2.02986
1391,840,0.0482759,0.000730155,-146.852,-407.273,7.73333
1654,1376,0.0481431,0.131592,-117.257,-535.628,7.68427
2090,385,0.0479042,0,-12.6754,-474.386,2.20191
523,329,0.0470219,0.0686303,86.2233,-430.655,-3.08649
270,34,0.0470085,0,76.0036,-146.142,-2.68496
1381,605,0.0465347,0,-20.7889,-376.823,1.94548
1909,832,0.0462963,0,-164.196,-414.366,7.14932
1736,514,0.0455408,0,-20.6258,-583.866,0.905863
803,320,0.0454545,0,16.1453,-325.702,0.767793
1416,1352,0.0451613,0.039996,-134.694,-443.829,8.19323
1124,470,0.0449438,0,-173.105,-503.015,4.31163
2380,1046,0.0443925,0,-112.652,-298.637,3.43565
849,573,0.0436893,0,14.9948,-337.078,0.922087
2093,949,0.0435644,0,-203.175,-381.975,6.79763
1078,393,0.0425101,0,-111.138,-528.014,2.7763
2301,1916,0.0416667,0,-45.1303,-303.794,2.20763
1638,391,0.0415648,0,4.40169,-525.175,1.71059
447,259,0.0410023,0,42.2045,-340.104,-1.16558
465,256,0.0409836,0,35.1769,-327.138,-0.583403
2415,254,0.0406852,0,38.7137,-169.227,-0.0447288
1383,385,0.0406699,0,-30.9423,-483.863,2.10263
1454,382,0.0403226,0,-61.2705,-444.34,2.15112
456,388,0.0402685,0.422914,61.0939,-501.291,-2.72266
2402,521,0.0398323,0,82.9477,-296.389,-2.49359
1949,839,0.039604,0,-162.156,-443.619,7.75131
1914,566,0.0394737,0,23.7777,-415.432,-0.52592
775,258,0.0392157,0.0282476,-8.7712,-246.845,0.967515
518,388,0.0387597,0.605391,82.8709,-504.602,-3.20944
2177,517,0.03861,0,10.9711,-413.936,0.450095
1270,584,0.0382979,0,49.0727,-388.553,0.406212
1478,763,0.0380623,0,-158.25,-322.079,6.02892
2354,1239,0.0372807,0,5.25249,-338.153,2.06123
1982,526,0.037037,0,-46.3788,-569.334,2.17122
128,77,0.037037,0.00598743,21.9416,45.0089,2.07593e+73
666,494,0.0369565,0,17.6709,-339.673,-0.344712
918,605,0.0363636,0,-49.0953,-295.535,1.72307
1833,513,0.0362538,0,-142.793,-560.139,4.41979
1248,578,0.0359897,0,14.2903,-429.083,1.98098
246,191,0.0356537,0.0464126,-22.717,-200.868,-0.121584
1443,920,0.035533,0.0306948,-248.232,-340.387,9.33191
671,380,0.0352941,0,43.9134,-369.983,-1.63076
2386,391,0.0350877,0,84.954,-279.685,-2.44072
838,245,0.0348525,0,-44.6733,-272.06,2.84855
2347,392,0.0346667,0,84.1739,-341.866,-2.668
975,777,0.0346667,0,-194.703,-317.991,5.38384
1346,656,0.0345964,0,-20.8687,-337.183,2.89126
1116,786,0.0345345,0,-217.013,-384.237,6.29304
659,574,0.0344828,0.023616,59.191,-296.742,-1.16145
2159,845,0.0342466,0,-111.116,-309.762,6.966
1752,513,0.0341615,0,-79.3052,-620.329,2.79839
2366,665,0.0340633,0.0167976,50.8195,-195.852,-0.790425
2410,362,0.0334029,0,79.2166,-265.305,-1.9893
2482,458,0.0333333,0,24.5958,-428.799,-1.71036
1491,396,0.0332103,0,-87.3534,-438.532,4.48509
1349,956,0.0328407,0,-205.919,-396.858,6.83457
1216,376,0.0325733,0,-4.87876,-455.628,2.11924
2219,1090,0.0324675,0,-162.085,-364.261,3.64415
613,512,0.0321199,0,78.8118,-361.323,-2.63671
2020,1125,0.0319635,0,-257.46,-528.189,8.69574
1624,517,0.0318471,0,9.51466,-538.625,1.70593
2423,1169,0.0316206,0,-98.975,-250.171,4.08502
1621,359,0.0310651,0,9.79413,-502.81,2.00263
1772,383,0.0307692,0,-59.296,-579.079,1.97935
1690,1390,0.0301724,0,-148.13,-513.408,8.72509
448,364,0.03,0.345125,61.9567,-462.825,-2.37271
1238,687,0.029703,0,-62.2262,-375.386,4.27403
2007,1712,0.0285261,0.152748,-151.855,-684.84,9.28107
1706,763,0.0283976,0,-78.75,-444.302,4.8
2095,1905,0.0283843,0,-124.514,-473.32,7.19288
1936,1542,0.0283688,0.00213919,-184.607,-483.736,8.93378
1584,773,0.0281195,0,-118.936,-393.674,5.51732
2250,511,0.0280374,0,24.6633,-303.527,-1.07696
722,532,0.0280112,0,21.9286,-414.431,-0.00870252
1717,573,0.0276498,0,3.41764,-494.365,1.59046
2310,1152,0.0273973,0,-172.923,-373.706,5.72892
1123,777,0.0269663,0,-195.785,-368.034,5.83969
2084,391,0.0266223,0,-29.9572,-483.018,2.6595
2389,1373,0.02657,0,-9.2927,-254.991,2.08375
1341,1107,0.026253,0,-177.599,-482.17,7.06639
404,135,0.026087,0,28.1458,-283.073,-1.54736
2184,746,0.0259366,0.62782,-71.005,-286.688,5.14054
1912,1154,0.0257353,0,-247.349,-476.191,8.28736
2258,2067,0.0252101,0,-48.8104,-282.1,2.49821
1008,262,0.0251572,0,-97.9932,-297.892,2.47937
1854,1093,0.02457,0.7343,-294.542,-543.807,8.5316
831,176,0.0245614,0,-90.0222,-210.772,2.11598
1798,517,0.0244499,0,-80.0158,-582.966,2.55346
1840,956,0.0243902,0,-316.152,-432.802,8.08595
2092,1378,0.0242634,0.334368,-117.217,-468.949,7.05704
1445,1394,0.0242424,0.0700467,-189.366,-425.903,9.07257
259,34,0.0239726,0,54.8096,-161.574,-2.19842
1619,511,0.0232558,0.000923018,-7.09835,-542.355,2.37529
1655,397,0.022942,0.00673602,12.529,-544.823,1.59101
2226,514,0.0228013,0,11.373,-350.758,-2.12408
970,351,0.0227273,0,-117.43,-397.17,2.06568
390,278,0.0225806,0,81.8606,-379.008,-3.03941
1010,767,0.0224359,0,-165.39,-310.757,4.55845
545,301,0.0223881,0.0585115,89.7728,-379.306,-2.96903
1426,665,0.0222772,0,-85.9853,-319.325,5.45544
512,401,0.0220049,0.785582,71.6014,-513.842,-2.85927
1442,255,0.0216802,0,-71.9756,-298.194,4.24235
2249,392,0.0212766,0,31.2294,-314.331,-1.63209
1917,965,0.0211268,0,-298.308,-390.877,7.55476
1990,391,0.0211082,0,-24.136,-569.378,1.6162
253,133,0.0209302,0,19.7532,-168.036,-0.226382
1681,1221,0.0204461,0,-90.4646,-499.653,7.09086
1665,961,0.0203735,0,-244.488,-429.064,7.45132
633,296,0.0202703,0.206205,79.5535,-269.419,-2.15178
478,349,0.0201681,0.0580744,56.1537,-478.151,-2.66061
835,665,0.0201511,0,-42.2023,-275.739,2.79504
180,49,0.019774,0,-6.88143,-16.9432,-4.3516
2216,241,0.0196464,0.261059,-26.2044,-226.321,-0.0264322
1553,941,0.0196078,0,-247.993,-393.753,7.88915
571,248,0.0193237,0,52.3726,-302.743,-1.04139
1232,365,0.0191972,0,-7.67647,-462.635,1.96591
2275,1546,0.0189873,0,-98.193,-355.413,5.30834
166,67,0.0189189,0,-10.2774,-1.60276,-4.50922
2487,245,0.0188679,0,7.85257,-214.204,0.136653
1455,945,0.0187266,0.113171,-292.967,-340.928,8.20054
1421,1105,0.0186335,0.00347462,-245.805,-462.468,9.39342
1743,1580,0.0186047,0.00142453,-196.073,-632.162,8.58902
1662,1376,0.0185811,0.115477,-128.333,-534.622,7.72483
1683,435,0.0184332,0,-31.6241,-536.29,3.20407
1701,1613,0.0182648,0.176827,-109.411,-621.754,8.03695
1364,585,0.0181624,0,-2.61136,-399.441,2.05798
2254,131,0.0178817,0,3.82847,-100.026,-0.440981
1678,340,0.0177778,0,13.4426,-482.471,1.15753
920,349,0.0177384,0,-90.2495,-355.454,2.16494
594,536,0.0175439,0,86.5013,-407.419,-2.58311
753,245,0.0175439,0.14051,-13.2715,-253.272,1.47727
2369,524,0.017452,0,82.0693,-296.872,-2.64422
564,418,0.0173913,0.0334219,65.9572,-433.786,-2.25688
1035,945,0.017094,0.0446996,-314.079,-369.438,7.51296
1612,324,0.0170732,0,0.905947,-450.836,2.00158
2251,1112,0.0170455,0,-161.478,-332.787,4.01282
494,236,0.0170132,0,0.0670625,-345.125,0.0422519
1202,372,0.0169972,0,-33.754,-448.424,2.95653
941,526,0.0167715,0,-109.508,-396.426,1.70519
718,385,0.0167224,0,15.154,-408.074,0.491834
2419,1114,0.0167015,0,-193.892,-348.041,5.43654
553,213,0.0165746,0,17.3269,-315.845,-1.88684
1353,747,0.0165017,0,-89.677,-399.108,6.04789
1373,777,0.0157155,0,-113.881,-365.598,5.12386
856,295,0.0156863,0,8.44521,-291.75,0.464291
2041,766,0.015493,0,-115.77,-400.047,4.97454
1617,1060,0.0153846,0,-212.239,-536.716,7.70044
1756,1061,0.0152284,0,-274.446,-613.074,8.26615
1776,1381,0.0151976,0,-212.66,-581.223,8.98468
2224,425,0.0149626,0,-13.7079,-318.5,-1.0998
2446,1813,0.0147059,0,-195.382,-423.303,6.30073
513,393,0.0141414,0.718002,81.7829,-512.212,-3.47852
996,566,0.0141129,0,-71.2076,-383.319,1.43827
1240,262,0.0140187,0,-9.06261,-362.601,2.50788
921,289,0.0138249,0,-59.1591,-286.239,1.71172
2060,519,0.0137328,0,-41.0065,-513.731,2.11173
342,19,0.0136986,0,89.1269,-227.504,-4.04496
1126,399,0.0136452,0,-136.779,-490.757,3.11391
2075,408,0.0134436,0,-48.2803,-494.945,3.25356
1735,526,0.0133779,0,-15.7975,-568.802,1.0146
1562,958,0.0132325,0,-255.59,-420.337,7.50736
2048,681,0.0131737,0,-104.138,-393.964,4.7296
1943,1120,0.0130719,0,-290.128,-511.185,8.21932
1965,62,0.0128205,0,-20.2009,-99.4928,-3.20959
709,241,0.0126904,0.13654,-26.8384,-255.732,1.98422
1977,1240,0.0126582,0,-122.376,-557.517,7.27429
172,45,0.0125786,0,-13.9264,-21.5157,-4.05801
1255,287,0.0124069,0,16.8047,-384.706,1.41444
950,285,0.0122283,0,-120.977,-294.986,2.21345
2244,1643,0.0121951,0,-48.7746,-361.111,4.17721
880,570,0.012,0,-34.5647,-343.971,2.31177
1622,395,0.0119048,0,2.39042,-542.259,2.24135
952,679,0.0118343,0,-174.58,-280.851,4.21422
317,71,0.0116279,0,65.0382,-118.102,-4.83178
198,79,0.0113636,0,-14.407,-32.8735,-3.58634
2206,1371,0.011236,0,-93.3818,-362.205,4.83053
2189,1349,0.0111111,0,-83.8631,-400.677,6.00748
2006,1343,0.0110236,0,-110.503,-511.921,7.26388
1313,753,0.010989,0,-52.5795,-329.464,5.07327
1632,1382,0.0108696,0.163525,-119.254,-512.438,7.72635
1828,535,0.0108108,0,-120.21,-544.16,3.56427
801,561,0.0103093,0,6.07439,-355.225,1.11544
2100,1537,0.0102564,0.141641,-128.389,-444.794,7.41661
2303,2106,0.0102564,0,-31.8093,-343.135,3.51662
1727,686,0.0100503,0,-89.986,-408.364,4.21114
1861,1198,0.01,0,-193.805,-476.17,8.36522
2064,515,0.00992556,0,-27.1923,-510.817,1.1685
2322,948,0.00990099,0,-277.535,-300.581,5.94833
2343,491,0.00990099,0,60.2888,-346.629,-1.69528
1461,941,0.00980392,0.0658432,-293.519,-343.239,8.18106
1229,387,0.00978474,0,-8.27199,-481.63,1.86752
2135,838,0.00970874,0,-105.412,-344.911,6.20296
458,130,0.00968523,0,19.184,-275.599,-1.16892
423,224,0.00963855,0,-5.66923,-354.822,0.276391
2349,775,0.00959233,0,4.7821,-228.937,0.511107
257,150,0.00949367,0,8.79565,-160.652,-0.139928
1869,1453,0.00925926,0,-259.023,-448.274,9.54987
2321,1661,0.00917431,0,-63.0112,-520.261,6.70839
1689,378,0.00915332,0,27.9419,-526.443,0.0240338
540,289,0.00914634,0,83.6543,-365.235,-2.86429
2314,820,0.00909091,0,-90.698,-314.561,5.08252
472,370,0.00904977,0.141149,62.9474,-488.277,-2.76538
1230,245,0.00892857,0,-37.2912,-356.929,3.29731
2439,361,0.00886525,0,55.3679,-269.165,-2.39298
2055,1474,0.00873908,0,-217.522,-450.324,9.01107
2140,838,0.00873362,0,-104.861,-340.504,6.49518
826,687,0.00862069,0.00802802,-82.0187,-294.181,3.84824
1729,1116,0.00858369,0,-264.706,-575.603,8.1053
507,445,0.00856531,0.40736,46.9651,-493.554,-1.80776
890,250,0.00843882,0,-69.572,-266.336,3.61956
794,517,0.00833333,0,-13.528,-397.67,0.804878
582,461,0.00821918,0,69.9172,-399.206,-1.93297
758,676,0.00813008,0.427975,-28.3887,-248.917,1.72388
1136,285,0.00805153,0,-81.643,-348.492,2.30799
208,156,0.0080429,0.014596,-50.4061,-131.885,-0.870418
654,515,0.00784314,0,60.3426,-358.315,-2.32967
1009,673,0.00779221,0,-137.086,-302.015,3.8421
1983,1858,0.00775194,0,-245.791,-605.992,8.81486
1509,712,0.00763359,0,-137.637,-349.605,7.91397
1129,421,0.00756144,0,-142.851,-471.852,3.61851
151,49,0.00732601,0.0152704,8.53052,23.8515,-4.25479
2047,365,0.00732064,0,-52.7817,-495.548,2.54024
2058,511,0.00725514,0,-67.377,-518.41,3.54733
548,322,0.00724638,0.252491,89.683,-388.247,-2.74
407,172,0.00721154,0,-20.4658,-260.522,-1.40286
134,6,0.00720721,0,34.4842,35.394,1.70283e+14
833,573,0.00714286,0,-0.0275444,-351.076,1.2412
1074,790,0.00714286,0,-219.463,-416.035,7.18692
1698,1076,0.00696056,0,-239.019,-589.351,8.88591
1474,956,0.00696056,0.0679015,-292.883,-353.212,8.13242
1608,583,0.00692841,0,0.332519,-438.47,2.14063
635,240,0.00691244,0.141274,27.365,-233.188,0.105595
1475,683,0.00681818,0,-150.66,-313.862,5.68648
2345,358,0.00672646,0,87.3631,-318.916,-2.2064
825,335,0.00666667,0,-2.03213,-368.445,0.831344
1985,512,0.00664452,0,-70.8318,-594.361,3.36984
771,372,0.00654664,0,10.1158,-363.132,-0.307884
1213,815,0.00653595,0,-106.266,-397.578,6.93012
2357,247,0.00643777,0.0667611,48.1717,-209.987,-0.872289
1530,1169,0.00643087,0.166622,-194.919,-438.77,8.36473
2234,411,0.00641026,0,18.0771,-404.013,-0.991135
644,81,0.00625,0,35.5705,-43.348,-3.87996
1377,324,0.00624442,0,-15.8485,-411.623,1.6055
1734,1109,0.00621118,0,-265.613,-591.591,8.26588
1762,676,0.00619835,0,-129.031,-470.222,4.70287
1347,360,0.00614754,0,-17.4428,-451.811,2.81194
2455,643,0.00613497,0,30.3686,-127.686,-1.57723
912,374,0.00598802,0,-47.5097,-396.132,1.34561
731,665,0.00597015,0.0203698,-21.9148,-274.214,2.30899
982,583,0.00588235,0,-78.4295,-358.546,1.89401
1387,1088,0.00581395,0,-210.902,-498.891,8.71987
1611,1048,0.00575816,0,-211.491,-523.212,7.87663
1108,389,0.00575816,0,-112.382,-511.28,2.33743
1159,950,0.00564972,0,-289.525,-367.28,7.13816
349,245,0.0056338,0,42.2118,-311.459,-1.35413
1613,656,0.00557103,0,-16.2873,-364.107,2.53409
915,540,0.00554017,0,-60.5364,-385.272,1.67371
2045,1084,0.00550206,0,-230.244,-543.772,8.09024
2404,965,0.00548446,0,-139.848,-219.941,3.38917
981,392,0.00547945,0,-117.525,-444.721,2.05856
617,352,0.00546448,0,84.0836,-335.99,-2.84705
117,52,0.00534759,0.0327982,29.2013,50.895,-5.23785
524,393,0.00527704,0.487652,83.6017,-503.656,-3.43552
1233,498,0.00524476,0,-39.9721,-491.002,3.25392
1041,405,0.00522193,0,-148.652,-482.654,4.10905
1671,389,0.00522193,0,14.8338,-538.358,0.668952
1103,400,0.00520156,0,-135.705,-524.488,3.41926
1462,991,0.00518135,0.273598,-281.889,-385.627,8.65628
2176,517,0.00515464,0,11.119,-415.526,0.469777
1851,1179,0.00515464,0,-256.006,-496.812,8.11794
1932,377,0.00505051,0,7.16382,-501.545,-0.272685
2078,965,0.00496278,0,-220.61,-413.038,7.10525
1725,525,0.00493421,0,-1.31848,-567.647,0.78141
2213,742,0.00492611,0.223102,-58.8038,-259.137,3.56257
260,187,0.00492611,0,-3.82355,-193.302,-1.02761
279,121,0.00491803,0,48.9487,-158.482,-1.67191
1710,1390,0.00481928,0,-148.554,-547.509,8.57874
1685,393,0.00479616,0,15.7184,-558.167,0.741486
1660,1580,0.00479233,0.140459,-143.213,-573.037,8.62019
302,87,0.00473934,0,53.0789,-108.306,-3.94471
964,328,0.00470588,0,-111.492,-356.17,2.07809
2405,2257,0.004662,0.0710694,38.1418,-104.456,-0.790981
1731,1115,0.00465116,0,-265.879,-578.257,8.12431
495,270,0.00464037,0,53.8864,-353.723,-1.4617
1572,1211,0.00455235,0.0688691,-135.172,-485.364,7.65737
1860,1566,0.00453515,0,-228.208,-536.382,8.49771
2182,1399,0.00451467,0,-127.367,-375.595,7.44807
2248,665,0.0045045,0.0584769,1.75362,-200.152,0.316211
1585,975,0.0044843,0,-250.648,-470.039,7.97358
2061,527,0.00441989,0,-12.0434,-500.409,0.938541
1704,470,0.00441501,0,-48.3354,-625.462,3.90967
1518,62,0.00440529,0,-70.0058,-158.041,1.16891
1501,688,0.00438596,0,-115.242,-308.433,5.96039
670,601,0.00438596,0.0731538,44.0809,-273.825,-0.880587
1711,309,0.00437637,0,-2.95966,-491.111,1.9826
1669,385,0.00437637,0,22.387,-526.148,0.469664
1635,1240,0.00430108,0.359686,-75.8091,-516.999,6.9739
1487,1345,0.00429185,0,-159.267,-417.696,8.45756
566,335,0.00425532,0.666853,88.3757,-382.766,-2.9888
1471,387,0.00414938,0,-96.733,-437.193,3.41504
1180,1048,0.00403226,0,-252.797,-457.228,7.79706
2441,390,0.00403226,0,50.9472,-300.783,-2.61724
1372,383,0.0040282,0,-3.49546,-495.521,0.654657
431,69,0.00401606,0,40.5503,-132.033,-4.81524
2056,947,0.00400534,0,-250.183,-406.41,7.43655
2375,2247,0.00396825,0.1765,37.9161,-143.712,-0.882641
1763,209,0.00390625,0,-145.507,-442.711,3.40933
1226,354,0.00389864,0,-12.4171,-449.551,1.89043
1483,497,0.00387597,0,-134.173,-431.581,5.50463
1179,1090,0.00380228,0,-242.218,-490.34,7.94564
884,265,0.00378788,0,-52.8805,-263.7,3.24943
998,247,0.00376412,0,-114.688,-297.034,3.36591
773,392,0.0037594,0,-4.60309,-369.95,0.0291431
2271,1351,0.00374532,0,-33.3659,-314.79,3.1558
953,58,0.00371058,0,-159.684,-143.775,0.476396
1176,266,0.0037037,0,-59.1037,-326.4,2.5236
1070,329,0.00369686,0,-106.943,-450.81,2.9407
1793,611,0.00358423,0,-74.4169,-455.474,3.1473
750,286,0.00357143,0,26.9377,-277.907,0.183205
474,270,0.00355872,0,50.7775,-363.422,-1.31475
1838,951,0.00355872,0,-316.532,-432.607,8.16428
2451,123,0.0035461,0.423162,3.1467,-6.2493,-1.56557
1490,1053,0.00342466,0.0123069,-265.581,-435.605,9.21711
1785,601,0.00341297,0,-58.5923,-458.431,2.66855
1577,529,0.003367,0,-39.106,-517.712,2.01237
1644,383,0.00332226,0,18.9533,-516.038,1.1867
1582,368,0.00328947,0,-31.081,-503.201,1.89947
1044,942,0.00328407,0,-313.261,-377.228,7.64382
251,78,0.00327869,0,25.9255,-81.1053,-2.9901
515,461,0.00327869,0.4083,59.9413,-513.376,-3.02798
2253,2069,0.00326797,0,-60.2994,-293.804,2.91782
539,366,0.00316456,0.705368,87.3119,-454.347,-3.26543
428,244,0.00316456,0,18.1389,-327.654,-0.290316
723,608,0.00296736,0,19.8793,-300.503,0.498179
1652,391,0.00289855,0.00205038,11.0001,-539.114,1.64264
1573,530,0.00287356,0,-23.8939,-509.331,1.24716
479,275,0.00285714,0,50.8622,-374.542,-1.78545
328,275,0.00280112,0.0671988,83.5289,-306.701,-2.51799
2282,428,0.0027933,0,37.0027,-310.487,-0.916786
1186,576,0.00277778,0,-48.2907,-398.882,3.31752
662,577,0.00274725,0,55.613,-293.503,-1.06011
840,534,0.0027248,0,3.63442,-413.596,0.580487
2054,514,0.00268456,0,-45.3612,-520.497,2.57361
2352,763,0.00265252,0,22.7417,-221.735,-0.291099
1076,672,0.00265252,0,-143.327,-384.832,4.66066
2385,763,0.00263158,0,22.4463,-175.957,0.219892
698,483,0.00262467,0,-15.6712,-381.399,0.588347
1583,524,0.00262123,0,-34.3426,-529.686,2.08225
2070,1743,0.00260191,0,-176.689,-606.932,7.85108
1650,1088,0.00257732,0,-185.312,-556.135,8.38901
1441,615,0.00253165,0,-46.4384,-322.354,3.03171
770,500,0.00246305,0,-25.3942,-359.978,0.988269
2394,517,0.00244499,0,83.5298,-268.411,-2.40275
1813,262,0.00241546,0,-129.68,-446.44,4.7423
1859,525,0.00239234,0,-87.9486,-515.626,2.29759
1707,773,0.00238095,0,-93.8305,-441.127,5.32444
509,390,0.00238095,0.556848,76.4524,-508.894,-3.25807
1697,605,0.00229358,0,29.0668,-405.344,0.712758
1022,658,0.00228311,0,-78.3262,-292.597,2.37962
2218,1077,0.00222717,0,-170.565,-372.277,3.93921
2401,469,0.00222222,0,59.8282,-251.699,-1.28849
974,513,0.00222222,0,-135.485,-439.122,2.61619
1754,1641,0.0021978,0,-154.259,-634.456,8.00869
1803,1230,0.00215054,0,-162.436,-543.397,7.84319
2017,507,0.00212766,0,-50.0263,-567.206,3.68879
1688,469,0.00211864,0,-41.7806,-596.278,3.74579
376,219,0.00205339,0,38.4415,-386.404,-1.47606
1753,520,0.00203666,0,-67.9295,-610.143,2.29511
2371,953,0.00203252,0,-104.524,-225.851,1.9906
1201,888,0.00199203,0,-161.955,-391.91,8.40803
1169,1057,0.00197628,0.0430057,-271.805,-478.642,8.00515
1198,374,0.00197628,0,-40.1562,-451.236,2.98612
1494,1399,0.0019305,0.102493,-188.322,-409.221,9.32633
1720,491,0.00191939,0,-61.5336,-616.337,3.48767
1536,657,0.00189394,0,-71.3322,-342.517,4.21772
1695,1583,0.00189036,0.0781109,-156.436,-610.616,8.78085
1253,376,0.0018797,0,13.7508,-498.904,1.16068
1628,529,0.00186567,0,20.2956,-514.934,1.15787
2073,960,0.00186047,0,-239.014,-402.788,7.15411
395,129,0.00185874,0,46.0019,-278.787,-2.09699
1125,511,0.00184502,0,-147.647,-490.95,3.36419
1580,698,0.0018315,0,-111.158,-406.177,5.30024
2431,224,0.0018315,0,-19.7435,-157.634,0.808958
1220,1075,0.00182815,0,-177.554,-490.608,7.41179
1559,244,0.00178891,0,-76.3831,-362.346,3.88434
1766,1068,0.0017331,0,-287.791,-619.638,8.64589
691,471,0.00165563,0,-19.7066,-364.672,0.935673
665,529,0.00154321,0,49.4164,-365.323,-1.50742
2038,1584,0.00153846,0.717803,-180.971,-568.706,8.62882
681,228,0.00150376,0.757208,-33.4336,-241.845,1.48374
1225,1089,0.00149254,0,-168.457,-495.219,7.26186
1344,527,0.00146843,0,4.62379,-471.883,1.26616
1057,519,0.00144928,0,-125.202,-504.176,2.55568
1137,284,0.00144092,0,-95.9044,-353.955,2.59286
1063,236,0.00141844,0,-155.674,-371.983,4.43032
1588,1352,0.00140449,0.0628235,-125.896,-506.387,7.42189
2039,1382,0.0013369,0.168234,-169.047,-518.065,8.11365
2256,1374,0.00128535,0,-59.1813,-290.188,2.72301
1002,665,0.00120919,0,-115.282,-297.689,3.37717
