400,52,0.27595,0.64303,166.859,-188.381,126.395
338,159,0.269418,0.673276,-124.529,-54.9764,130.537
337,157,0.26186,0.672991,-130.125,-46.8297,129.776
449,10,0.245078,0.542345,385.624,-204.844,146.236
353,174,0.242121,0.837527,-77.8944,-138.839,139.629
351,172,0.225269,0.666817,-85.7382,-128.699,139.465
446,3,0.224113,0.63563,386.484,-203.956,146.224
450,4,0.220896,0.632113,386.162,-204.775,146.041
346,167,0.215749,0.79243,-100.944,-101.234,136.436
350,171,0.214973,0.818175,-88.3765,-123.333,138.868
414,39,0.211373,0.887149,246.766,-174.059,135.456
339,160,0.201799,0.74094,-120.847,-61.1955,131.473
333,154,0.201162,0.76235,-142.64,-28.2362,128.147
452,9,0.195191,0.490454,386.205,-203.928,146.341
409,43,0.192961,0.748708,215.494,-170.04,130.774
334,154,0.163177,0.686306,-140.972,-30.7708,128.371
344,165,0.154963,0.859079,-106.528,-89.8741,134.843
332,152,0.131313,0.729009,-148.526,-19.9369,127.556
340,160,0.118416,0.604061,-119.129,-64.4452,131.941
342,165,0.116032,0.619416,-109.414,-83.9894,134.109
404,49,0.104774,0.855107,183.582,-176.34,127.065
345,166,0.103006,0.846819,-103.857,-94.7615,135.572
420,32,0.10234,0.796778,288.185,-176.249,142.307
448,8,0.0997333,0.531415,385.277,-203.388,146.541
443,9,0.0899582,0.539583,388.455,-202.223,146.326
336,156,0.0726447,0.931207,-134.575,-41.5303,129.413
326,265,0.0556128,0,-336.402,-63.2861,126.454
181,29,0.0540172,0,136.67,-174.665,140.884
432,21,0.0533164,0.636349,363.957,-157.8,147.725
268,148,0.0451064,0,-303.483,-46.6507,126.445
275,219,0.0414313,0,-333.365,-121.876,133.147
281,213,0.0397865,0,-289.294,-126.747,132.958
357,276,0.0395189,0,-266.79,-106.555,133.764
105,26,0.0392504,0,197.477,-71.7031,135.772
416,36,0.0387847,0.829147,262.821,-174.28,138.807
385,40,0.0363944,0.0586619,163.63,-200.97,131.093
343,284,0.035033,0,-254.421,-61.5607,130.296
203,43,0.0345986,0,44.2036,-185.556,136.06
305,247,0.0342599,0,-362.899,-68.3676,127.21
154,17,0.0340426,0,124.728,-108.843,137.748
141,77,0.0336722,0,12.1136,-47.6224,124.772
410,307,0.0336066,0,-28.6916,-90.2697,128.824
280,194,0.0333333,0,-234.495,-132.701,134.311
193,65,0.0325521,0,25.8678,-179.049,133.388
437,69,0.0322906,0,251.348,-156.247,137.407
322,267,0.0322101,0,-322.309,-46.7933,126.849
361,274,0.0320485,0,-263.776,-118.126,133.227
358,218,0.0308099,0.100441,-158.181,-177.172,138.391
391,32,0.0306346,0.0671907,209.533,-190.449,135.164
147,69,0.0304414,0,-19.0831,-63.5001,126.315
222,49,0.0282985,0,-22.3466,-178.975,132.917
308,63,0.0281606,0,-72.3561,-87.0838,126.305
167,45,0.0279006,0,62.9231,-137.682,132.853
317,139,0.0271176,0.17357,-178.825,7.63887,126.479
183,73,0.0264784,0.00037319,42.7091,-143.708,131.921
383,247,0.0258226,0,-174.065,-181.032,129.175
303,247,0.0255265,0,-367.682,-64.5464,127.002
148,31,0.0255034,0,94.2209,-97.0575,134.925
387,193,0.0254237,0.0780341,19.9413,-218.662,133.239
102,25,0.0249616,0,200.641,-67.849,135.789
214,31,0.0243094,0,45.7708,-181.916,139.889
349,281,0.0242944,0,-237.418,-84.0573,132.96
274,213,0.0240747,0,-309.103,-129.02,133.222
264,29,0.0233034,0,-93.4866,-138.902,134.167
352,66,0.0232558,0,3.77543,-137.507,133.71
234,33,0.0228856,0,-23.6433,-172.54,141.813
430,69,0.0223563,0,229.287,-141.264,136.777
290,138,0.0218369,0,-243.599,-1.64576,125.745
220,57,0.0213404,0,-56.6434,-186.102,132.435
315,264,0.0213037,0,-339.058,-55.0383,127.453
440,237,0.0211701,0,-6.41785,-181.368,143.162
187,135,0.0203252,0,-80.7382,-90.6046,132.797
273,212,0.020177,0,-306.509,-131.06,133.589
179,52,0.0200921,0,70.6596,-181.556,132.194
399,260,0.0200837,0,-113.964,-162.739,127.37
379,315,0.0199406,0,-105.919,-107.4,129.642
447,70,0.0196891,0,217.191,-152.597,134.322
310,234,0.0190658,0,-312.024,-95.9285,134.592
439,148,0.0189179,0,126.85,-101.864,136.481
394,268,0.0188041,0,-151.139,-142.12,126.63
100,20,0.0186916,0,219.785,-70.3775,136.104
255,107,0.0184473,0,-207.892,-45.9249,127.127
252,188,0.0183594,0,-257.977,-169.467,133.818
382,219,0.0183333,0,-93.5502,-205.334,133.753
331,159,0.0182749,0.418086,-137.245,-35.7247,128.991
142,50,0.0180941,0,59.669,-110.041,125.565
247,29,0.0176072,0,-67.599,-149.369,135.31
293,60,0.0170492,0,-129.046,-87.4274,125.074
426,241,0.0167007,0,-56.4776,-159.381,139.609
373,108,0.0163867,0,13.0968,-81.6537,131.013
319,246,0.0154674,0,-312.594,-62.7094,128.904
122,27,0.0147176,0,145.974,-68.2969,135.023
376,261,0.0144547,0,-205.561,-176.793,131.694
119,41,0.0140152,0,95.5444,-43.0008,128.688
421,40,0.0136752,0.572818,265.881,-175.431,138.59
192,94,0.0136646,0,23.9499,-97.0533,131.77
169,59,0.0134426,0,6.4817,-144.809,132.104
438,307,0.0132682,0,61.7661,-103.356,136.742
267,98,0.0131527,0,-176.211,-41.1008,126.231
384,246,0.0129199,0,-179.431,-180.068,129.62
401,266,0.0127587,0,-142.026,-142.258,127.119
388,249,0.0124169,0,-164.629,-175.644,127.304
418,250,0.012268,0,-62.9124,-154.611,135.023
306,148,0.0121729,0.0209661,-227.817,-0.255098,125.475
294,187,0.0114171,0,-204.899,-104.419,131.997
329,144,0.0113339,0.92233,-154.674,-1.1607,126.083
106,28,0.0109929,0,179.41,-90.7923,133.594
256,98,0.0108569,0,-164.655,-55.9143,126.64
174,13,0.0107271,0,164.986,-170.49,143.255
121,41,0.0107216,0,96.4042,-69.5857,129.165
161,72,0.0101801,0,5.52906,-90.055,129.201
428,49,0.0101414,0.062067,255.833,-169.338,135.974
230,19,0.0100301,0,29.1946,-170.162,144.159
406,70,0.00996678,0.212318,156.531,-145.007,127.769
72,8,0.00989247,0,240.553,-150.899,135.329
271,32,0.00978547,0,-33.4571,-133.964,135.849
335,216,0.00977444,0.0034735,-177.775,-109.167,132.413
282,31,0.00954294,0,-8.74294,-118.916,135.566
408,48,0.0093633,0.608145,197.451,-170.726,128.968
422,307,0.00920245,0,24.7752,-96.7682,135.02
194,33,0.00917031,0,122.833,-192.33,141.712
277,51,0.00908747,0,-120.632,-121.851,127.14
202,18,0.00900277,0,131.014,-188.24,144.399
139,38,0.00896861,0,85.4145,-91.2046,131.241
307,59,0.00877743,0,-87.2087,-92.2254,125.623
177,3,0.00864553,0,159.115,-180.062,143.243
195,52,0.00863558,0,51.0974,-198.962,133.568
140,39,0.00862999,0,82.8216,-94.3756,130.691
258,49,0.00857032,0,-106.422,-157.361,127.589
318,76,0.00849951,0,-59.0287,-39.7229,126.204
291,218,0.00841969,0,-298.665,-102.772,131.532
240,41,0.00818713,0,-90.4502,-165.797,135.341
206,48,0.00813273,0,27.7318,-184.465,134.04
389,193,0.0079646,0,23.2482,-213.086,133.148
190,40,0.00790365,0,115.228,-190.412,136.492
276,147,0.00782123,0,-307.816,-31.1661,127.047
407,268,0.00780336,0,-101.984,-132.526,128.503
257,43,0.00772201,0,-101.541,-154.184,129.441
245,58,0.00767591,0,-153.383,-162.867,129.323
287,98,0.00753904,0,-141.997,-3.47384,125.656
434,108,0.00742433,0,206.573,-63.964,136.857
189,104,0.00738725,0,3.47246,-77.1594,131.175
424,206,0.00738007,0,70.1624,-183.173,142.116
157,105,0.0073692,0,-45.6344,-4.73902,127.2
302,107,0.0072904,0,-131.226,30.0754,124.919
73,18,0.00722892,0,248.895,-141.762,136.596
226,130,0.00718348,0,-196.435,-81.1371,133.954
375,272,0.00708629,0,-209.259,-147.266,131.789
371,94,0.00706159,0,47.0176,-93.5656,130.097
248,39,0.00697472,0,-79.1208,-152.796,131.97
197,98,0.00692042,0,1.06022,-87.8095,132.763
151,28,0.00686761,0,83.0114,-89.2545,134.552
311,170,0.00675676,0.0100454,-170.973,-66.0471,132.825
212,46,0.00659631,0,2.3674,-180.417,133.762
114,51,0.0065917,0,90.6259,-76.6641,125.624
136,33,0.00651201,0,120.997,-95.6508,135.563
67,7,0.00650558,0,256.984,-169.915,137.271
419,36,0.00649573,0.609037,271.338,-174.548,140.187
368,139,0.0064493,0,-75.2851,-100.937,131.982
266,90,0.00629426,0,-172.349,-63.88,126.344
231,76,0.0062727,0,-105.392,-133.831,133.319
165,25,0.00622407,0,126.594,-127.642,140.627
97,21,0.00617733,0,226.157,-77.7442,136.348
413,218,0.00615273,0,-0.325788,-177.804,135.757
228,32,0.00603622,0,25.3279,-175.231,142.039
395,318,0.00602623,0,-47.6899,-86.772,126.799
398,63,0.00600858,0.381802,141.321,-176.777,126.903
433,9,0.00592242,0.38961,375.295,-177.736,147.261
402,278,0.00585574,0,-126.455,-116.529,127.027
71,17,0.0058309,0,246.7,-148.322,136.513
286,127,0.00579557,0,-235.121,1.15595,126.641
289,63,0.00574383,0,-129.41,-89.601,126.29
146,47,0.00570676,0,35.3607,-94.849,126.946
130,4,0.00563834,0,132.213,-88.7383,136.185
425,279,0.00561377,0,-78.5904,-103.161,134.484
131,30,0.00550098,0,112.03,-84.9798,134.798
283,223,0.00541516,0.0026167,-331.668,-114.327,133.73
149,8,0.00537153,0,109.971,-98.6975,135.949
209,56,0.00534125,0,-17.9479,-190.664,133.158
217,51,0.00532787,0,-19.069,-184.259,131.11
327,194,0.00530376,0,-114.727,-113.829,133.703
314,209,0.00528914,0,-207.846,-98.2726,133.494
168,94,0.00526316,0,-4.41307,-56.5372,131.243
211,40,0.00514217,0,11.6438,-182.732,136.913
278,58,0.00496073,0,-150.644,-119.053,126.918
325,244,0.00493692,0,-314.493,-82.9157,129.761
237,36,0.00491746,0,-44.5586,-170.193,139.392
185,80,0.00491493,0.000128846,50.3115,-135.222,131.447
330,194,0.00486027,0,-111.689,-113.224,134.053
213,14,0.00485942,0,78.8213,-192.652,141.919
341,197,0.00484713,0.125299,-102.52,-139.177,137.302
423,58,0.00479616,0.0477415,217.098,-181.09,134.203
145,51,0.00476397,0,20.2667,-98.8066,126.299
412,16,0.00470219,0.179936,309.891,-180.108,140.299
159,8,0.00468933,0,118.856,-125.343,138.178
263,107,0.00468085,0,-202.355,-35.1372,126.335
173,38,0.00463128,0,88.3439,-154.68,137.912
196,33,0.00453795,0,116.685,-191.266,142.061
225,44,0.00444162,0,-16.446,-172.855,135.023
304,65,0.00443881,0,-93.2161,-71.0293,125.487
301,167,0.00443038,0,-202.372,-47.7844,130.816
156,64,0.0043956,0,-13.8238,-94.5359,127.886
166,65,0.00439189,0,0.291102,-119.435,131.265
435,69,0.00436137,0,249.702,-149.553,137.818
250,14,0.00427849,0,-25.4959,-164.891,137.642
164,64,0.00424178,0,1.86649,-118.577,130.411
216,4,0.00422654,0,73.7473,-192.831,140.968
359,306,0.00417827,0,-182.731,-85.8228,132.495
316,138,0.00402976,0.0890918,-176.004,8.03497,126.869
243,28,0.00393701,0,-55.3646,-156.471,138.178
108,53,0.00393106,0,99.6774,-84.2943,125.824
99,7,0.0038381,0,217.931,-80.6081,134.841
441,41,0.00383468,0.122752,306.8,-186.961,139.218
207,150,0.00360065,0,-155.59,-104.118,134.049
251,33,0.00349515,0,-38.3476,-157.908,136.367
138,12,0.0034057,0,141.485,-94.5974,136.277
254,162,0.00340393,0,-282.073,-104.877,130.67
366,195,0.00337838,0.462017,-60.4426,-209.913,140.275
201,98,0.00319716,0,-13.8302,-86.344,132.926
296,187,0.00310174,0,-202.073,-98.4341,131.95
227,144,0.00287265,0.00901527,-228.445,-92.4042,134.179
372,245,0.00283516,0,-229.234,-173.854,134.519
427,136,0.00272068,0,129.024,-79.4779,136.306
133,67,0.00265957,0,-5.89522,-51.0879,126.674
96,29,0.00253531,0,189.707,-78.4746,132.722
107,39,0.00252765,0,139.574,-66.3712,130.504
244,64,0.00245399,0,-165.044,-147.173,130.247
199,147,0.00241352,0,-133.426,-100.938,133.439
239,137,0.00227964,0,-255.252,-81.6473,132.851
188,56,0.00223714,0,58.6612,-199.672,132.054
347,166,0.00169033,0.600788,-101.288,-100.567,136.36
328,259,0.00133452,0,-305.859,-68.5733,127.232
242,136,0.00116144,0,-266.011,-74.0038,131.036
