818,67,0.365876,0.894535,-140.349,184.528,100.825
1312,1227,0.315534,0,183.563,-146.934,78.4118
561,135,0.299678,0.691939,-91.1138,583.256,89.6569
1044,990,0.299207,0.904321,-213.163,-31.5059,81.4096
532,137,0.295775,0.728562,-93.3423,589.159,89.6807
1109,56,0.294923,0.795101,-159.454,116.14,98.5382
560,135,0.288787,0.652174,-91.2432,583.227,89.6595
654,502,0.27445,0.526104,-265.134,612.682,87.9602
417,336,0.269357,0.853517,-710.681,692.871,95.3154
1081,26,0.269126,0.865908,-200.372,-22.752,81.4934
1291,1237,0.265823,0,178.982,-162.112,78.2631
507,160,0.264019,0.693846,-232.308,610.506,89.1356
1292,1081,0.262712,0,-17.7155,-59.525,79.9507
594,135,0.262209,0.829816,-93.6374,584.437,89.5517
332,281,0.261647,0.583006,-707.797,693.743,95.1005
580,135,0.261142,0.803263,-91.2653,584.513,89.3239
631,155,0.259494,0.739811,-204.159,602.414,90.4178
407,346,0.257565,0.705116,-775.927,695.054,99.5988
1305,1234,0.257534,0,198.192,-157.625,79.0061
334,280,0.255102,0.800985,-708.004,693.695,95.0672
333,281,0.255068,0.590158,-707.912,693.795,95.0827
330,278,0.253142,0.76335,-707.975,692.784,95.0131
572,135,0.252786,0.806686,-91.2593,584.707,89.3735
1061,1007,0.251705,0.58425,-213.046,-34.0731,81.1577
573,134,0.246634,0.614559,-89.4747,583.448,89.4716
595,541,0.245353,0.798067,-89.9873,589.127,89.6218
1058,1007,0.243371,0.660703,-212.852,-33.1126,81.2317
1063,996,0.241809,0.67737,-213.63,-33.9801,81.1511
593,541,0.238938,0.728088,-87.2297,588.969,89.4351
711,641,0.238908,0.523181,-242.239,609.135,87.9896
1314,179,0.237736,0,-96.7166,387.169,86.4145
413,340,0.2375,0.673247,-736.954,694.38,95.9729
1059,1007,0.236225,0.639303,-212.936,-33.2022,81.2073
559,137,0.234727,0.65069,-94.2897,584.087,89.5289
335,283,0.22973,0.666271,-708.04,693.217,95.0793
597,137,0.229651,0.833458,-102.052,586.519,89.3425
1309,883,0.22963,0,-93.5873,95.4585,90.5936
645,502,0.228439,0.475685,-268.14,612.143,88.1041
1070,1007,0.228059,0.710448,-213.549,-34.627,81.1584
331,277,0.226795,0.621937,-707.367,692.536,94.9452
632,156,0.226354,0.855755,-209.192,604.848,90.1174
1318,1242,0.225904,0,263.95,-162.246,77.6011
541,134,0.225764,0.650412,-88.879,587.228,89.7753
1052,991,0.225071,0.736774,-213.516,-31.7054,81.2686
1319,363,0.22409,0,-210.072,295.367,90.4893
535,137,0.222294,0.7625,-92.5844,589.225,89.6433
830,66,0.220354,0.80958,-143.4,182.409,101.176
710,642,0.217225,0.604938,-249.647,609.588,87.7312
836,67,0.216639,0.778856,-145.965,184.677,101.097
827,67,0.215721,0.720121,-142.07,185.103,101.208
1034,24,0.213959,0.676589,-213.546,-30.932,81.3001
530,136,0.213115,0.694633,-94.1747,588.332,89.8681
1494,338,0.211911,0,-344.458,276.905,89.3957
1078,998,0.211832,0.862588,-213.232,-31.9424,81.313
1300,1224,0.210784,0,175.874,-142.057,78.5826
832,67,0.210309,0.905987,-141.694,185.032,101.159
592,537,0.20905,0.700644,-86.7681,589.252,89.4674
411,342,0.208586,0.535958,-750.371,693.378,97.1723
566,134,0.20816,0.687984,-89.5243,582.631,89.4594
1289,186,0.208054,0,-131.496,355.742,85.893
1295,1230,0.207824,0,177.597,-151.234,78.393
629,154,0.207497,0.730173,-195.468,601.046,90.7823
617,142,0.206186,0.49972,-131.463,588.622,88.5129
443,241,0.205686,0.828943,-546.851,658.492,92.767
1321,200,0.201592,0,-58.31,344.722,85.6713
444,241,0.201133,0.872185,-543.993,657.815,92.6112
442,246,0.200935,0.791171,-556.857,660.09,93.2692
1311,1224,0.2,0,179.971,-143.557,78.4468
596,136,0.2,0.850376,-97.249,584.649,89.6095
1065,983,0.199255,0.917791,-211.782,-34.2799,81.1046
1306,408,0.196809,0,-384.742,421.701,91.7777
510,158,0.1959,0.820525,-219.544,610.45,89.7413
571,134,0.194832,0.775334,-89.6755,583.282,89.4701
327,276,0.192377,0.824863,-705.052,691.62,94.8513
547,133,0.191826,0.665952,-87.5525,583.011,89.8549
1303,1227,0.19174,0,183.428,-146.11,78.3276
582,134,0.188691,0.835463,-90.0781,582.714,89.4884
1074,1021,0.18324,0.76147,-213.578,-33.7274,81.0459
1302,1224,0.181081,0,172.203,-143.081,78.5697
1293,1242,0.180887,0,202.444,-166.873,77.3731
1497,1230,0.180505,0,210.958,-324.173,78.2715
418,276,0.180298,0.518616,-703.067,690.802,94.7718
557,135,0.179228,0.675692,-92.2071,582.71,89.7083
1323,1224,0.178174,0,236.533,-148.161,78.3957
1310,1227,0.1777,0,195.492,-145.154,78.3945
1299,917,0.175182,0,-79.8513,10.4061,88.7387
1304,904,0.175141,0,-132.437,45.9881,89.6265
431,257,0.173574,0.756377,-622.617,673.027,92.0905
619,143,0.172414,0.71991,-134.982,589.167,88.6143
1290,1189,0.169492,0,38.6449,-110.8,79.7939
1317,885,0.168254,0,-111.006,105.269,91.1204
624,521,0.168232,0.558002,-153.615,595.141,90.7659
437,250,0.168039,0.914085,-582.559,664.066,93.1625
1106,55,0.167607,0.850477,-156.615,108.671,97.7391
1325,1238,0.164093,0,281.998,-165.421,78.2074
628,151,0.16341,0.572292,-182.67,598.103,90.9692
1324,1241,0.160183,0,299.37,-166.155,77.6858
826,70,0.159414,0.6462,-140.886,194.041,100.884
1327,1227,0.158458,0,237.677,-157.679,78.152
1320,1173,0.155125,0,116.085,-65.9018,80.729
661,503,0.154079,0.471965,-264.774,605.469,87.6292
511,157,0.151305,0.563302,-212.743,607.158,89.7712
414,339,0.151235,0.492517,-729.844,693.945,95.5547
1294,923,0.150725,0,-126.427,20.5023,88.8735
1489,1235,0.147273,0,213.863,-318.053,78.288
419,280,0.144954,0.593321,-702.073,690.808,94.7424
408,345,0.144202,0.655543,-769.723,694.248,99.1123
513,154,0.143715,0.735188,-198.152,604.134,90.7499
626,149,0.140585,0.696798,-171.619,598.665,90.8865
1326,913,0.136957,0,-43.8738,9.19809,89.3821
1235,338,0.136806,0,-362.161,305.318,88.6502
512,156,0.135559,0.634029,-205.054,606.14,90.5295
537,135,0.130968,0.777787,-90.0485,588.053,89.72
494,174,0.130336,0.531002,-310.309,621.51,90.0788
467,210,0.130178,0.643593,-400.027,637.439,92.0211
428,260,0.129647,0.672661,-640.921,675.66,92.2521
1223,911,0.127016,0,-196.284,-17.5535,88.1274
1113,57,0.126256,0.729454,-155.587,122.946,98.5977
1062,977,0.125159,0.917337,-212.571,-34.5372,81.1216
1454,436,0.123613,0,-122.054,138.511,86.1277
819,66,0.121691,0.795258,-143.145,183.811,100.961
1296,245,0.120643,0,-261.167,400.454,88.0542
581,135,0.12,0.807481,-91.3069,584.536,89.3224
1287,106,0.118943,0,95.0384,141.845,84.4825
544,135,0.117945,0.858074,-90.4432,588.656,89.6891
473,190,0.117612,0.658866,-366.587,630.094,90.6678
540,135,0.116399,0.76235,-90.0701,588.113,89.7104
451,230,0.116013,0.730711,-511.148,653.452,92.3463
1077,1026,0.115137,0.784704,-212.612,-31.2065,81.1284
336,283,0.114874,0.51963,-710.312,693.404,95.1658
1226,187,0.114088,0,-176.866,267.772,85.3584
416,280,0.113753,0.502611,-711.787,692.814,95.4353
1313,1082,0.113537,0,16.5341,-53.9725,80.1005
574,137,0.113006,0.817102,-94.5041,585.797,89.2155
1502,1226,0.111258,0,209.969,-327.343,78.615
639,161,0.110769,0.731407,-238.615,607.935,88.3581
590,533,0.110751,0.848311,-86.5125,589.454,89.5269
480,176,0.110749,0.613328,-322.879,623.057,90.3772
433,255,0.107888,0.787324,-609.29,671.665,92.197
857,795,0.103383,0.53883,-231.774,264.13,106.586
623,146,0.100812,0.783201,-152.95,592.573,90.7958
586,134,0.0996909,0.64281,-90.832,580.471,89.566
1315,1226,0.0996169,0,198.616,-142.692,78.5813
634,509,0.0985442,0.524063,-222.494,610.929,90.0431
1237,438,0.0960591,0,-299.708,316.379,87.3539
616,143,0.0953254,0.696555,-134.859,589.304,88.6538
1120,741,0.0948226,0,-234.676,356.445,94.002
1455,1240,0.093415,0,347.136,-422.306,77.0161
1224,197,0.0923657,0,-178.124,264.099,85.3887
1066,1007,0.0916179,0.527213,-213.441,-34.5607,81.1796
1297,941,0.0897756,0,-64.9315,-12.4636,83.9155
1082,28,0.0889213,0.866859,-193.163,-18.5169,81.605
551,136,0.0888889,0.839794,-92.3979,585.027,89.7893
1308,1189,0.0885246,0,87.0303,-107.16,79.7643
709,645,0.0874693,0.636137,-262.673,610.1,88.1121
1102,802,0.0872404,0.0689832,-188.129,175.391,102.114
1335,1239,0.0871287,0,298.593,-180.728,77.6422
1499,1234,0.0857814,0,213.975,-321.57,79.0088
449,233,0.0857301,0.803149,-522.09,653.935,92.2968
1362,928,0.0857143,0,98.2242,-52.7833,85.8513
1225,422,0.0847926,0,-360.889,313.767,87.2903
1227,514,0.08473,0,-89.8574,285.653,86.0309
1229,877,0.0831296,0,-184.292,77.8445,92.1611
412,339,0.0823864,0.537206,-737.437,694.136,96.0577
1228,357,0.0815174,0,-409.598,288.711,91.4651
367,197,0.08,0,-557.634,658.586,95.5377
823,67,0.0787538,0.732514,-142.051,185.247,101.046
1241,660,0.0776699,0,-91.7973,241.714,83.23
1167,246,0.0768095,0,-394.261,389.933,90.032
1491,657,0.0759494,0,18.0937,123.268,82.9364
715,160,0.0755712,0.495024,-235.859,600.845,88.4285
1459,648,0.0753589,0,113.909,25.8662,82.6502
435,248,0.0752517,0.561877,-581.745,664.926,92.9656
1079,304,0.074026,0,-467.445,344.325,88.3013
1298,1236,0.0739796,0,193.767,-158.857,78.5283
1164,962,0.0739645,0.173783,-202.221,9.13781,85.358
1457,503,0.0739247,0,111.456,43.4576,82.657
1331,1242,0.0730717,0,321.993,-175.035,77.6844
1049,340,0.0726447,0,-499.517,363.856,89.2866
1038,983,0.0697279,0.687943,-212.402,-32.1727,81.3629
1343,1226,0.0687831,0,278.708,-171.642,78.7777
1330,947,0.068038,0,86.1145,-56.2057,82.1709
1119,25,0.067694,0,-182.388,42.0424,88.3648
422,272,0.0666354,0.672648,-678.164,684.067,93.5567
1231,198,0.0661654,0,-156.733,249.996,85.4333
835,539,0.0652,0,-116.497,390.295,95.2127
461,218,0.0648415,0.493229,-443.172,643.139,92.2372
1341,1245,0.0647059,0,334.687,-189.659,77.6778
1363,1227,0.0641918,0,327.924,-187.479,79.549
1050,23,0.0637312,0.813327,-215.111,-33.9014,81.1623
638,161,0.0637168,0.764946,-237.334,608.028,88.5598
528,443,0.0637119,0,-417.32,637.043,91.5565
585,532,0.0628698,0.731041,-87.2833,587.345,89.5519
250,191,0.0623145,0,-484.954,648.703,92.025
1356,1171,0.0617849,0,191.151,-105.095,81.6564
969,342,0.0613924,0,-525.489,389.579,90.4708
1101,939,0.0606452,0.0117061,-241.314,66.7709,89.9638
1336,917,0.0604027,0,-2.7256,-12.8473,88.4887
1100,523,0.0601093,0,-147.578,369.531,91.1014
1307,1224,0.0597484,0,187.07,-142.95,78.4101
1332,474,0.0593434,0,10.2309,292.76,85.2238
1087,233,0.0590682,0,-369.774,368.391,88.7023
662,199,0.058898,0.19014,-322.298,613.783,89.127
1504,921,0.0588235,0,-67.138,-139.818,89.432
1238,1018,0.0583624,0,-62.3659,-104.274,80.093
241,34,0.0578778,0,-405.86,411.746,89.4905
1445,1237,0.0570321,0,362.534,-400.156,79.5705
822,66,0.0570292,0.703597,-143.343,182.783,101.065
1174,912,0.0562103,0,-290.523,52.2953,90.5728
1368,905,0.056101,0,51.9055,-35.4962,88.5861
845,416,0.054878,0,-476.773,467.134,100.678
1467,783,0.0542083,0,92.5441,-143.107,92.1377
961,660,0.0541381,0,-255.681,301.683,85.7965
967,502,0.0533333,0,-244.636,311.13,84.8746
1180,893,0.0532345,0,-280.113,69.3697,90.987
941,249,0.0528053,0,-444.985,383.891,90.5985
1003,648,0.0527251,0,-240.476,278.384,84.6019
1085,986,0.0519931,0.323196,-198.271,-21.8436,82.0418
1348,917,0.0517241,0,62.0402,-41.1832,88.6742
1367,917,0.0511727,0,93.0729,-57.4571,88.1953
1351,1230,0.0510133,0,310.322,-186.578,79.3059
1345,1230,0.0500879,0,317.348,-181.459,78.9824
975,788,0.0498555,0,-240.38,150.172,95.4461
633,357,0.0495548,0,-518.41,652.812,95.8768
811,550,0.0495327,0,-129.079,394.87,96.3231
1245,192,0.0493066,0,-150.269,281.251,85.0493
1347,923,0.0491257,0,85.0118,-47.1871,87.6764
1190,338,0.0486976,0,-456.225,341.672,89.3185
1501,151,0.0485075,0,48.654,151.608,85.9631
569,134,0.0480167,0.766845,-89.5962,582.757,89.4726
161,34,0.0478351,0,-213.998,378.831,86.7631
667,179,0.0472393,0.176893,-310.818,605.555,88.9413
231,26,0.0471344,0,-372.647,339.131,87.2489
1073,1007,0.0466667,0.539806,-213.225,-34.6946,81.0213
445,26,0.0466472,0,-372.467,322.929,86.8895
820,537,0.0464316,0,-114.686,396.292,95.152
880,236,0.0460168,0,-448.463,444.622,96.0033
602,407,0.045911,0,-544.008,656.784,95.5173
1458,1013,0.0458971,0,154.12,-327.284,78.9693
700,196,0.0454821,0.220774,-321.753,614.767,89.1402
448,231,0.0454016,0.766024,-524.256,654.999,92.2239
605,337,0.0453125,0,-505.277,654.413,93.1925
1369,1189,0.0451703,0,256.711,-168.784,80.7267
1089,689,0.0446828,0,-229.033,340.428,86.58
233,25,0.0445827,0,-367.937,317.648,86.8879
1342,907,0.0444685,0,0.45665,-8.06797,88.819
1338,921,0.0440141,0,-12.3356,-6.43834,89.6787
1488,924,0.044,0,-80.6202,-141.003,87.7833
976,407,0.0438482,0,-541.096,393.26,91.9812
913,650,0.0437052,0,-346.577,372.81,93.1111
1337,1190,0.0433276,0,148.792,-133.144,79.6147
890,166,0.0428646,0,-346.105,411.729,92.6391
1456,1230,0.042618,0,305.304,-396.255,77.5449
276,196,0.042487,0,-550.492,662.189,92.8311
338,250,0.0423351,0.114256,-651.279,678.362,94.4105
1449,1372,0.0418904,0,601.133,-396.932,80.359
1175,952,0.0418376,0.0358071,-199.645,-3.85683,84.221
481,194,0.041604,0.267048,-338.627,625.367,90.5458
1068,357,0.04125,0,-534.36,343.591,92.1142
960,265,0.0411872,0,-455.782,346.714,88.6399
476,341,0.0407427,0,-555.24,663.056,93.4475
974,877,0.0405694,0,-304.23,142.931,93.6565
359,272,0.0403557,0,-753.796,692.679,97.7086
966,889,0.0403112,0,-320.017,97.8533,89.6068
1431,753,0.0400855,0,196.174,-66.9264,91.6218
693,628,0.0398734,0.196207,-221.573,589.717,89.1042
174,33,0.0397479,0,-260.761,390.631,87.7062
1243,904,0.0397436,0,-205.042,6.12291,88.8641
1371,905,0.0396583,0,98.1849,-53.2982,88.565
243,179,0.0395717,0,-440.75,642.102,91.5941
1185,876,0.0393746,0,-241.294,96.5354,92.5758
796,634,0.0389073,0,-226.723,430.056,98.5477
199,29,0.0387825,0,-288.893,353.686,87.0721
1041,736,0.0385501,0,-243.12,237.588,84.8901
245,38,0.038441,0,-399.213,400.347,90.0254
1184,766,0.0384384,0,-203.968,143.068,92.3149
1039,413,0.0384174,0,-501.057,368.389,89.3449
1091,905,0.0383632,0,-345.262,98.7606,92.9421
329,278,0.0382418,0.809471,-707.993,692.768,95.0231
1329,1188,0.0380952,0,171.566,-119.696,79.2431
1412,179,0.0379413,0,129.063,131.591,87.417
1419,795,0.0378497,0,206.698,-95.4626,96.3761
1133,711,0.03769,0,-204.408,388.24,90.177
1005,342,0.0371429,0,-502.417,356.469,89.8403
1512,650,0.0370879,0,-4.75164,144.271,83.9285
958,438,0.0368787,0,-435.768,380.981,89.8374
149,33,0.0368779,0,-173.035,365.449,88.1294
260,26,0.0367685,0,-442.405,358.644,87.3736
1162,648,0.0366705,0,-221.181,361.513,88.5434
1055,989,0.0365051,0.675503,-212.213,-33.0515,81.2996
191,23,0.0364797,0,-292.231,297.65,85.9211
386,155,0.0359013,0,-400.222,634.132,94.0457
427,273,0.0356295,0.475384,-665.916,681.256,92.8907
1365,1226,0.0354046,0,328.405,-189.226,79.5548
1511,1081,0.0352941,0,28.4094,-211.847,79.9548
911,850,0.0352853,0,-308.955,186.7,102.935
1469,1188,0.0351682,0,183.812,-359.391,78.1313
1476,654,0.035014,0,20.6894,143.053,83.4006
425,280,0.0349476,0.364418,-682.897,686.593,93.7981
182,25,0.0349435,0,-291.224,322.881,86.2813
1247,442,0.0348653,0,-289.753,339.527,87.1837
495,281,0.0348399,0,-501.005,656.955,92.5543
130,27,0.0345361,0,-153.343,216.114,84.9102
279,179,0.0343706,0,-521.903,659.075,92.7536
778,281,0.0343186,0,-490.13,496.642,100
1359,502,0.0342612,0,88.7477,264.48,84.3489
1187,962,0.0342508,0.0275102,-176.594,-40.5651,82.7894
155,28,0.03392,0,-198.634,341.988,86.7409
415,339,0.033212,0.425748,-726.459,693.283,95.634
375,198,0.0332075,0,-529.288,654.293,94.7555
514,153,0.0331492,0.746332,-192.805,602.761,90.8953
1481,742,0.032316,0,6.28163,60.6747,85.988
253,155,0.0321189,0,-405.796,637.162,91.5107
1411,1039,0.0320579,0,242.16,-235.347,82.7589
1340,1171,0.0320405,0,143.754,-86.6206,80.9545
1222,913,0.0319032,0,-203.279,-13.3867,88.8775
888,337,0.0318575,0,-572.56,463.203,96.6498
1267,407,0.0316742,0,-418.46,391.161,91.5482
179,113,0.0316226,0,-262.931,573.65,90.4711
918,166,0.0316073,0,-329.194,383.646,92.3472
746,330,0.0314448,0,-500.842,582.962,94.7685
920,179,0.0312301,0,-364.248,383.593,94.1499
608,237,0.0311751,0,-375.939,630.462,90.9762
660,255,0.0309685,0,-465.311,642.766,90.498
478,274,0.0308325,0,-514.603,657.693,92.4625
910,505,0.0307018,0,-339.803,383.337,92.622
950,187,0.0306452,0,-312.6,331.815,88.1647
1172,1082,0.030622,0.552081,-177.574,-16.771,82.4102
1093,337,0.0305851,0,-527.653,466.086,93.4473
1364,425,0.0304154,0,-54.7647,241.641,86.4503
508,411,0.0302613,0,-493.652,654.194,93.6874
255,200,0.0302198,0,-498.791,652.426,91.6421
58,3,0.0300429,0,-196.972,18.4976,89.3281
943,626,0.0299359,0,-224.569,334.144,89.2086
743,167,0.029819,0.0817231,-282.35,555.781,90.6372
603,270,0.0293515,0,-444.792,642.543,91.1169
227,168,0.0293319,0,-385.112,633.346,90.5242
156,78,0.0293015,0,-182.386,488.494,93.3748
956,875,0.0292818,0,-307.629,152.98,95.483
671,407,0.0292683,0,-545.376,634.417,93.9835
1191,914,0.0292683,0,-269.218,6.19968,89.3005
647,267,0.0292398,0,-468.981,645.139,90.3924
1376,893,0.0291932,0,126.869,-42.4977,90.1639
802,736,0.0290739,0,-237.839,361.902,98.1333
486,304,0.0289123,0,-510.604,658.272,92.6516
1131,401,0.0286585,0,-577.747,478.418,99.5321
904,651,0.0286177,0,-367.302,387.69,92.8838
344,149,0.0283985,0,-482.767,648.56,94.9244
236,178,0.0283651,0.00268199,-422.98,639.039,91.3555
1384,912,0.0282885,0,191.27,-106.918,88.4279
1168,670,0.0278184,0,-224.058,308.843,86.2158
249,176,0.0277247,0,-452.867,643.56,91.7868
187,34,0.0275923,0,-294.08,389.986,88.1829
1004,654,0.0275704,0,-239.654,291.872,84.7213
895,407,0.0275132,0,-630.485,472.787,100.149
1352,905,0.0274889,0,-11.1304,-6.37356,89.3963
1461,1353,0.0273973,0,565.686,-415.214,78.1912
1393,1227,0.0273569,0,391.469,-255.3,80.9779
1378,1225,0.0273569,0,364.524,-211.699,80.7734
657,423,0.0269953,0,-495.959,647.662,90.8034
887,670,0.0269461,0,-346.628,383.875,92.9302
731,401,0.0268657,0,-570.512,627.168,96.4361
166,27,0.0266383,0,-233.874,307.095,85.0573
355,23,0.0266204,0,-524.96,337.036,92.0036
1076,1016,0.0266115,0.704075,-213.409,-32.1371,81.197
937,151,0.0264778,0,-240.512,363.488,89.1463
322,204,0.0264775,0,-536.892,660.698,92.7302
936,502,0.0263158,0,-292.055,340.062,87.6066
908,338,0.0258807,0,-616.565,468.948,96.3574
912,338,0.0258741,0,-604.812,460.624,96.8633
901,184,0.0256039,0,-413.666,416.704,94.1146
374,33,0.0255831,0,-470.139,304.333,92.1952
681,166,0.0255048,0.201103,-273.753,576.1,87.5803
1240,640,0.0253521,0,-79.3718,248.841,83.6868
1047,359,0.0252667,0,-507.411,308.688,91.2861
892,242,0.0252055,0,-489.612,436.71,95.6089
641,260,0.0251451,0,-460.376,645.356,90.1786
942,197,0.0251437,0,-325.798,332.261,89.0362
1506,180,0.0251142,0,-80.608,214.795,85.1794
726,166,0.0250965,0.223843,-253.05,587.302,87.4568
373,271,0.0250923,0,-744.818,690.473,97.2231
666,167,0.0250321,0.488123,-271.76,600.783,87.6948
356,149,0.0249695,0,-493.713,648.619,96.5877
849,339,0.0249272,0,-477.88,466.721,100.883
436,323,0.0249161,0.0800356,-643.294,677.518,93.8277
393,291,0.0248902,0.0583702,-760.825,698.062,97.9069
655,196,0.0247629,0.252557,-315.073,617.469,89.0017
1357,994,0.0247562,0,139.39,-110.6,80.7035
921,413,0.0247074,0,-573.655,428.02,96.797
1080,503,0.0245902,0,-232.414,294.371,84.5762
1173,938,0.0245678,0.0152093,-232.466,21.4876,85.0785
615,297,0.024237,0,-486.348,652.951,92.6478
992,24,0.0239018,0.787506,-213.72,-30.5668,81.3706
1236,415,0.0238628,0,-379.285,327.812,88.8028
1183,425,0.0237371,0,-402.737,325.429,87.9058
1028,899,0.0233846,0,-349.594,81.2484,91.4444
337,179,0.0232975,0,-535.631,659.974,93.2201
843,628,0.0232748,0,-187.949,414.707,97.4901
980,231,0.0232198,0,-395.57,377.084,87.9525
587,229,0.0231303,0,-400.039,635.345,91.6218
844,742,0.0230489,0,-243.339,341.036,99.5302
1507,641,0.0229885,0,7.62601,164.274,83.3457
509,449,0.0226639,0,-364.353,631.462,91.3426
377,308,0.0225857,0.0895906,-753.984,697.794,97.4083
938,273,0.0225291,0,-523.82,418.265,90.8707
1042,654,0.0223267,0,-240.456,302.097,84.7932
370,242,0.0222772,0,-667.758,677.672,96.6845
1094,179,0.0222096,0,-276.561,411.543,90.3697
848,338,0.0222005,0,-479.235,468.217,100.839
1075,1018,0.0220183,0.742142,-213.374,-33.3085,81.116
1239,250,0.021838,0,-319.837,343.476,87.4497
682,444,0.0218182,0,-427.581,602.44,90.0134
1444,293,0.0217279,0,-84.6732,82.0739,88.303
651,401,0.0215336,0,-578.89,660.981,96.2823
138,51,0.0213011,0,-134.104,321.429,92.1059
919,651,0.0212899,0,-330.059,369.16,92.7997
1448,1396,0.0212404,0,628.583,-455.194,81.3314
668,269,0.0211864,0,-475.024,630.448,90.0958
1134,334,0.0209832,0,-488.748,445.694,94.0774
786,288,0.0209573,0,-501.66,501.926,99.919
287,186,0.0209205,0,-541.319,662.051,92.91
1451,338,0.0208333,0,-203.49,165.671,88.3913
1118,23,0.0207084,0,-192.321,30.4488,87.6147
306,187,0.0206897,0,-539.751,661.434,92.918
453,401,0.0206588,0,-662.673,676.425,97.7707
1438,852,0.0204202,0,247.14,-204.545,94.8434
996,415,0.0203327,0,-505.005,383.787,89.6225
1354,1237,0.0203193,0,315.913,-193.761,79.2493
952,399,0.0202518,0,-581.511,408.711,95.3109
658,255,0.0202361,0,-468.18,644.163,90.5623
687,241,0.0201588,0,-406.705,604.127,89.9726
1186,890,0.0201097,0,-269.787,64.1902,89.5372
612,426,0.0200321,0,-458.886,644.899,90.8681
926,422,0.0200143,0,-536.652,424.614,93.4738
1248,426,0.0199637,0,-350.971,353.71,86.5142
409,303,0.0199442,0.433345,-736.524,693.35,96.8487
739,286,0.0199351,0,-514.484,609.433,92.2274
578,464,0.0199115,0,-338.957,625.836,91.3238
798,416,0.0198733,0,-482.111,483.675,101
884,650,0.0196399,0,-333.811,406.952,93.4875
604,304,0.0195228,0,-485.902,652.364,92.5536
1083,440,0.0195122,0,-411.85,382.945,88.545
479,271,0.019496,0,-488.759,652.95,91.865
1098,230,0.0194766,0,-381.91,431.678,92.2124
1434,1013,0.0193157,0,253.425,-316.305,83.2678
542,205,0.0186976,0,-273.883,618.315,90.4418
1404,1240,0.0186877,0,419.621,-303.211,80.5007
342,24,0.0186667,0,-501.637,356.87,89.774
689,222,0.0184127,0,-376.739,608.133,89.9035
567,278,0.0183299,0,-541.241,664.011,93.417
1178,938,0.0181818,0,-211.18,4.59463,84.9517
611,416,0.0181675,0,-514.731,656.474,93.348
807,341,0.0181159,0,-489.588,464.5,100.818
1425,357,0.0179057,0,28.4679,8.51432,93.2605
248,26,0.0176946,0,-412.859,371.697,88.296
697,190,0.0176879,0.151929,-319.661,611.769,88.8677
606,428,0.0176282,0,-455.442,643.94,90.9854
876,196,0.0176259,0,-361.376,426.749,96.8782
204,38,0.0175601,0,-283.024,363.445,88.1934
314,199,0.0174632,0,-538.441,661.118,92.9318
501,230,0.0174628,0,-392.36,635.022,90.1686
1400,892,0.0172261,0,139.313,-100.136,90.1778
1358,407,0.0172027,0,-266.855,353.415,91.8911
949,895,0.0171865,0,-349.875,101.049,93.3591
1381,1079,0.0171773,0,235.949,-150.813,81.5372
1370,961,0.0171165,0,224.824,-130.635,81.9539
1043,670,0.0169697,0,-245.791,293.894,84.5846
503,351,0.0169492,0,-549.003,657.4,95.1845
553,254,0.0168394,0,-447.742,646.163,91.7444
618,473,0.016835,0,-271.645,614.736,89.8819
1171,967,0.0168067,0.378619,-193.492,-16.2487,82.4692
905,196,0.0166297,0,-418.049,384.159,93.933
891,342,0.016283,0,-606.973,474.328,97.5304
1110,592,0.016156,0,-128.46,322.659,94.3414
345,167,0.0160881,0,-525.255,653.729,93.922
670,205,0.0159314,0.122791,-323.601,599.351,89.1492
270,38,0.0159138,0,-448.125,386.187,89.4364
536,391,0.015894,0,-451.4,647.235,95.8593
607,8,0.0158353,0,-180.442,267.527,85.2538
803,408,0.0157819,0,-509.291,477.652,102.315
1154,993,0.0157233,0.0925828,-189.256,8.62946,86.0494
927,422,0.0156372,0,-535.296,425.419,93.1349
291,146,0.0155606,0,-422.453,642.121,92.9149
1193,812,0.0155569,0,-126.485,-1.85836,88.3652
366,156,0.0153349,0,-447.647,642.192,94.901
730,463,0.0151692,0,-350.526,596.743,90.3664
893,439,0.0151025,0,-512.104,457.762,96.0453
396,154,0.0150289,0,-487.757,647.509,95.9458
833,209,0.0149378,0,-317.89,500.616,94.6412
759,279,0.0148957,0,-508.622,552.995,97.2186
1333,965,0.0147059,0,84.5266,-73.5015,80.8766
575,148,0.0145349,0.19505,-142.895,594.962,90.3768
1480,1034,0.0145228,0,64.5209,-268.186,78.9113
441,241,0.0144364,0.649803,-553.021,659.12,93.091
834,652,0.0141844,0,-221.305,449.82,92.9465
691,205,0.0141844,0.0939863,-323.345,602.463,89.165
1176,338,0.0141066,0,-464.951,370.258,90.2107
141,81,0.0140845,0,-128.779,450.069,93.2298
916,155,0.0139535,0,-293.06,393.506,93.1188
1406,1026,0.0139535,0,254.602,-228.178,82.3024
1375,904,0.0139112,0,97.1045,-50.4334,89.5145
341,26,0.0138185,0,-505.881,378.068,89.8483
672,425,0.0137232,0,-469.837,620.251,89.9682
1030,283,0.0136986,0,-492.711,380.266,89.0428
533,39,0.0136799,0,-130.404,258.177,87.4371
357,265,0.0135685,0,-750.99,691.946,97.6569
734,422,0.0135253,0,-496.052,612.078,91.1789
271,203,0.013468,0,-516.054,655.298,91.9253
234,168,0.013306,0,-392.235,633.309,90.3921
692,245,0.0132325,0,-425.737,622.283,90.5856
1006,849,0.013226,0,-211.453,101.788,94.3743
471,354,0.0132094,0,-597.584,666.627,97.0171
277,161,0.0131579,0,-482.244,651.949,91.7752
721,2,0.0130719,0,-235.234,312.588,84.9306
1001,26,0.0130459,0.599228,-207.735,-28.136,81.4703
1244,742,0.0130435,0,-105.169,195.613,85.9602
1026,708,0.012971,0,-234.257,296.008,84.5186
477,150,0.0129266,0.0773903,-254.572,611.76,90.6471
894,652,0.0128617,0,-353.45,396.531,94.3
652,241,0.0128469,0,-416.114,636.385,90.532
472,190,0.0127932,0.464437,-370.004,631.088,90.8796
656,215,0.012792,0.00429697,-360.308,626.737,90.2969
923,506,0.0123997,0,-303.204,373.38,91.8025
361,280,0.0123907,0.0125971,-766.043,697.554,98.2319
529,432,0.0121561,0,-452.889,646.733,91.3549
348,230,0.0121441,0,-652.552,676.122,96.4458
939,27,0.0121083,0.0458794,-246.217,16.9836,84.3525
1104,255,0.0120558,0,-462.808,484.955,93.8517
748,276,0.0120515,0,-493.539,575.007,95.375
917,425,0.0118812,0,-547.049,428.323,94.609
1069,862,0.011875,0,-244.856,138.082,95.3676
1274,101,0.0118483,0,77.381,104.052,84.8225
902,318,0.0118026,0,-611.769,480.534,96.3224
987,855,0.0117939,0,-220.817,122.139,95.2074
1032,412,0.0117793,0,-530.031,404.253,90.3222
548,171,0.0117724,0,-227.379,609.032,89.6891
340,241,0.0117359,0,-646.746,677.81,94.499
400,283,0.0116768,0.184949,-766.669,697.548,98.9233
1388,651,0.0115869,0,222.727,117.12,83.6977
290,199,0.0115794,0,-539.795,661.811,92.968
520,291,0.0114991,0,-430.555,646.229,93.0532
369,312,0.0113914,0.012758,-766.995,698.45,98.2152
924,630,0.0113556,0,-276.446,375.014,92.5384
1048,968,0.0113122,0.665392,-214.925,-28.5657,81.2423
756,357,0.0112115,0,-558.854,555.881,100.564
1242,1190,0.0111857,0,-4.90817,-143.081,79.5093
1339,963,0.0110497,0,70.9114,-72.2859,81.725
677,222,0.0110175,0,-385.71,600.616,89.8366
192,6,0.0109576,0,-314.377,358.355,87.1327
1514,337,0.0108696,0,-369.431,309.243,90.0671
120,64,0.0108368,0,-119.525,338.261,94.6722
875,422,0.0107311,0,-516.429,474.355,98.3094
398,291,0.0106925,0.137815,-771.346,698.347,98.928
1146,905,0.0106596,0,-343.435,118.217,95.4523
570,21,0.0104457,0,-184.388,140.598,83.4125
1386,317,0.0104384,0,-40.1331,206.533,87.8446
519,316,0.0103986,0,-444.691,648.104,92.9816
882,422,0.0103037,0,-539.799,472.104,96.1759
1349,872,0.0102715,0,43.907,65.0935,94.1835
1350,305,0.0102249,0,-167.076,311.259,88.4149
358,236,0.0101833,0,-677.498,678.173,97.3652
1398,422,0.0101437,0,-55.0661,196.907,88.3484
387,198,0.0101325,0,-527.302,653.991,94.6993
583,486,0.0100937,0,-248.388,611.308,89.8641
646,185,0.00987526,0.202288,-319.809,618.485,89.4508
899,158,0.00980392,0,-338.704,395.106,94.5111
770,338,0.00979068,0,-532.388,532.347,98.8064
898,304,0.0096463,0,-587.159,443.569,97.6157
1473,1241,0.00961538,0,329.631,-439.524,76.9683
842,747,0.00960735,0,-246.917,350.57,99.4545
928,241,0.00958248,0,-452.489,392.309,92.225
1462,419,0.00952381,0,-251.239,210.312,88.0581
1402,902,0.00949525,0,173.487,-145.212,89.2864
686,425,0.00948767,0,-470.48,615.034,89.944
323,166,0.00940734,0,-488.695,652.261,91.5672
719,445,0.00932945,0,-388.381,616.482,89.7719
242,28,0.00917431,0,-385.751,354.453,87.7177
564,191,0.00916784,0,-287.857,616.172,90.2029
483,270,0.00911458,0,-475.978,649.979,91.4282
600,474,0.00909091,0,-268.8,614.402,89.8755
929,243,0.00908403,0,-452.459,402.359,92.1289
940,689,0.00892857,0,-283.052,325.67,87.436
552,273,0.00888889,0,-492.135,652.415,92.4428
112,51,0.00884544,0,-129.268,267.068,92.7029
251,185,0.00876384,0,-488.616,649.47,91.9315
1097,326,0.00873362,0,-503.468,455.45,93.5721
550,239,0.00870106,0,-387.048,637.003,91.5485
426,243,0.00868307,0.263786,-599.966,668.949,92.4375
1040,863,0.00865551,0,-247.774,135.198,95.2861
238,4,0.00865333,0,-421.309,389.913,88.2632
673,421,0.00863664,0,-485.644,621.501,90.8842
351,157,0.00862441,0,-516.576,652.996,95.6887
780,510,0.00855491,0,-244.25,445.631,98.012
1430,396,0.00846614,0,-0.220658,8.76079,93.3798
883,203,0.00845219,0,-377.391,434.964,94.3438
957,877,0.00844773,0,-313.678,146.178,94.2403
440,230,0.00841662,0.417159,-543.033,658.056,92.835
205,41,0.00836203,0,-295.912,413.697,89.4004
725,121,0.00836013,0.0742521,-173.294,539.992,87.8066
208,157,0.0082897,0.0633983,-307.761,621.823,90.6667
831,276,0.00826446,0,-518.345,522.779,96.9089
312,198,0.00824842,0,-539.177,661.236,92.9913
281,24,0.00811908,0,-469.122,344.424,88.4282
1233,762,0.00807537,0,-121.904,127.027,91.2051
622,150,0.00806885,0.458112,-162.998,594.204,90.4372
1288,204,0.00806452,0,-135.058,356.649,85.7987
609,260,0.00804505,0,-457.146,644.289,91.036
885,505,0.00801603,0,-329.939,396.403,93.6825
125,44,0.00800534,0,-128.283,278.519,90.1876
292,203,0.00797373,0,-539.698,662.028,92.9263
1205,243,0.00793651,0,-339.063,313.062,86.6556
708,244,0.00791687,0,-417.029,636.713,90.6071
1361,899,0.00791367,0,5.28666,-0.202978,90.5875
1407,970,0.0079096,0,263.059,-234.053,82.6629
283,206,0.00790698,0,-533.212,661.76,92.9434
1064,407,0.00789993,0,-551.188,403.181,91.939
229,25,0.00787789,0,-366.888,331.723,87.2324
1508,1181,0.0077821,0,84.6985,-238.887,80.2058
794,351,0.00769601,0,-510.172,476.27,103.978
438,320,0.00768861,0.0393616,-636.629,675.912,94.0295
225,127,0.00768861,0,-351.829,615.036,91.6065
268,151,0.00766284,0,-403.741,636.611,91.8214
955,435,0.00764526,0,-448.588,386.899,89.5078
817,761,0.00755556,0.00515014,-235.291,310.401,100.4
301,237,0.00754885,0,-619.35,675.058,93.6295
714,417,0.00754717,0,-512.506,653.444,92.3086
546,43,0.0075,0,-125.81,293.31,89.5812
678,270,0.00745805,0,-485.453,613.34,90.0665
371,51,0.00739744,0,-534.189,420.456,99.1665
1179,272,0.00738751,0,-412.369,328.277,88.4727
1483,872,0.00733496,0,-65.8661,-27.8225,94.8556
783,198,0.00732984,0,-317.726,459.495,98.0103
339,284,0.0073278,0.554325,-720.196,693.983,95.3586
1196,695,0.00728477,0,-178.065,207.259,83.3916
114,20,0.00727802,0,-176.659,160.066,84.6783
432,250,0.0071977,0.589926,-596.702,668.326,92.6303
385,295,0.00718276,0.0874895,-756.441,697.524,97.4045
1230,921,0.0071736,0,-175.771,-15.6183,89.331
354,222,0.00715381,0,-637.032,672.998,97.2204
1372,742,0.00715072,0,199.897,94.4456,86.6095
410,241,0.00714002,0,-659.927,677.964,95.5177
252,159,0.00713649,0,-416.238,639.711,91.1944
254,175,0.00712251,0,-463.783,647.779,91.4725
195,143,0.007109,0,-263.189,610.69,89.7722
741,653,0.00710546,0.103387,-281.502,557.595,89.7383
751,189,0.00709413,0,-329.515,535.306,93.8304
859,210,0.00708354,0,-326.259,461.943,98.8922
384,280,0.00708104,0.0618307,-753.065,697.521,97.313
642,275,0.00707676,0,-496.312,653.17,91.3752
201,135,0.00704887,0,-268.681,612.176,90.261
1385,922,0.00698952,0,154.659,-95.7731,88.5617
390,289,0.00698758,0.0731368,-754.154,697.98,97.419
579,223,0.00698324,0,-379.412,634.452,91.4125
981,876,0.00697837,0,-295.687,134.848,93.459
684,424,0.00696056,0,-489.183,615.846,90.251
1389,1240,0.00692726,0,433.79,-259.624,79.4748
792,205,0.00691871,0,-306.197,449.634,98.707
383,306,0.00689655,0.0756679,-754.597,697.62,97.4109
704,343,0.00685786,0,-558.302,656.109,93.4672
404,280,0.00683891,0.211318,-754.791,695.508,98.4287
326,199,0.00683683,0,-538.243,661.214,92.9171
490,423,0.0068306,0,-491.716,652.525,91.8268
740,179,0.0068089,0.0210395,-320.611,572.372,90.056
265,162,0.00679916,0,-452.925,645.009,90.1802
368,255,0.00676247,0,-696.377,684.498,96.1803
953,412,0.00674624,0,-542.276,416.905,91.9702
1071,337,0.00673401,0,-509.092,388.768,89.534
1115,905,0.00670732,0,-351.48,145.451,97.7738
257,164,0.00669758,0,-459.724,644.412,90.0651
984,420,0.00669344,0,-484.025,377.445,88.8106
172,14,0.00665643,0,-272.339,347.785,86.5005
896,203,0.00659703,0,-405.985,408.985,95.7644
526,238,0.0065666,0,-381.595,632.462,90.7197
492,307,0.00656455,0,-503.489,656.97,92.6036
621,268,0.00646412,0,-420.079,638.682,91.0536
1060,868,0.00643275,0,-264.765,130.014,94.9657
825,272,0.00642674,0,-503.624,519.844,95.918
821,678,0.00640478,0,-230.882,404.788,92.1471
1189,260,0.00638051,0,-398.655,318.015,87.1593
729,189,0.00635257,0.0413106,-306.936,586.333,89.6255
298,229,0.00634633,0,-609.322,674.199,93.7606
698,253,0.00633276,0,-456.872,639.938,90.3278
649,317,0.00632911,0,-497.989,653.115,91.7077
775,645,0.00631745,0,-281.81,460.141,96.207
1036,786,0.00630011,0,-239.351,123.466,93.3036
423,241,0.006241,0.234588,-609.96,671.23,93.0653
914,280,0.00623701,0,-577.042,429.342,96.1632
397,287,0.00615901,0.112373,-772.311,698.154,98.7922
1452,1189,0.00613497,0,202.91,-343.013,79.2657
1390,242,0.00612341,0,81.6186,148.137,86.3942
900,310,0.00607903,0,-590.722,438.849,96.8494
695,190,0.00606469,0.130915,-321.688,608.274,88.8858
295,204,0.00606343,0,-538.107,660.8,92.7533
1373,878,0.00605755,0,118.016,10.619,91.6427
1475,1238,0.00603865,0,304.367,-416.237,77.5352
723,22,0.00598802,0,-226.177,232.551,83.7753
434,342,0.00596718,0.0215628,-678.742,681.206,94.7371
1403,806,0.00594966,0,211.891,-75.9121,94.6606
275,177,0.00592885,0,-506.189,654.591,92.441
1391,1026,0.00587969,0,271.468,-190.417,81.3417
1152,416,0.00586701,0,-524.163,479.852,94.7343
696,280,0.00585938,0,-507.072,646.507,91.4405
1170,339,0.0058309,0,-502.652,412.74,90.931
903,354,0.00582936,0,-669.066,471.709,100.946
1037,435,0.00580383,0,-422.751,350.281,87.5003
808,351,0.00579581,0,-537.385,481.341,103.032
978,506,0.00573888,0,-226.066,318.025,85.2438
761,254,0.00571621,0,-465.322,543.937,96.1892
303,252,0.00571178,0.159816,-647.341,680.028,93.7362
235,144,0.00569948,0,-340.866,624.703,91.0425
256,155,0.00569801,0,-408.644,637.363,91.4174
1103,425,0.00568541,0,-486.915,478.096,93.532
995,260,0.00563204,0,-449.84,357.915,87.4202
674,351,0.00563204,0,-541.908,624.498,94.5141
720,533,0.0056243,0.0293544,-181.341,581.729,88.3133
144,50,0.00558971,0,-149.835,394.116,91.3111
1139,182,0.00558659,0,-287.03,426.096,91.3544
1072,342,0.0055788,0,-535.482,398.587,90.5327
286,28,0.00557621,0,-482.601,384.1,89.2489
838,379,0.00554529,0,-502.874,438.184,102.153
977,868,0.00554017,0,-263.848,127.912,94.8656
683,505,0.00552486,0.135128,-261.68,574.347,87.6273
313,243,0.00551724,0,-628.227,676.695,93.904
738,402,0.00549199,0,-590.89,621.799,96.8309
664,412,0.00547778,0,-543.094,651.638,92.5045
1366,420,0.00534759,0,-155.139,304.267,87.9569
889,416,0.00533618,0,-580.946,474.233,96.3927
1088,996,0.00531915,0.259726,-192.782,-15.4408,83.0175
488,397,0.00530973,0,-561.833,660.292,96.2124
406,294,0.00530504,0.436108,-748.424,694.289,97.9239
1395,422,0.00529963,0,-3.56149,164.896,88.1801
610,503,0.00529501,0.17837,-207.928,602.348,88.2746
307,235,0.00526316,0,-619.403,675.443,93.7311
294,158,0.00519603,0,-459.665,650.234,92.2241
1498,309,0.00519481,0,-313.695,256.695,88.6669
247,188,0.00518941,0.0709025,-473.254,646.938,92.1268
482,275,0.00515222,0,-500.522,655.519,92.3557
237,27,0.00514286,0,-366.724,329.931,87.1666
774,653,0.00512091,0,-283.638,464.603,96.279
765,651,0.00509898,0,-281.772,482.984,95.4539
320,185,0.00509259,0,-539.101,661.042,92.8518
137,6,0.00504796,0,-171.485,231.877,85.0858
1418,780,0.00504782,0,201,-88.0056,95.471
545,208,0.00502828,0,-292.171,621.869,91.0354
839,649,0.00502283,0,-236.194,463.284,92.9286
1029,233,0.00501567,0,-381.596,342.617,87.1942
1116,952,0.00501114,0.00492324,-209.813,68.6772,91.3131
985,921,0.00500626,0,-301.709,44.1745,90.0871
305,27,0.00498866,0,-467.273,357.364,88.7785
577,134,0.00497866,0.733895,-89.2397,583.031,89.5029
728,440,0.00495663,0,-434.439,614.28,90.8431
127,29,0.00495595,0,-144.586,233.84,85.5196
302,187,0.00493052,0,-540.582,661.508,92.8752
753,305,0.00487359,0,-500.883,564.156,96.3372
474,305,0.00485175,0,-531.392,661.948,92.804
1246,267,0.00484653,0,-310.769,300.994,86.035
932,663,0.00484094,0,-300.581,329.511,88.6184
1464,242,0.00481928,0,-75.1339,90.5726,85.2506
1422,793,0.00481541,0,246.562,-133.919,95.6952
1016,309,0.00481348,0,-480.054,358.804,88.7274
878,151,0.00480192,0,-273.938,426.391,95.9589
788,450,0.00479962,0,-392.389,475.313,98.8474
688,149,0.00479452,0.16296,-221.894,577.526,89.0182
951,449,0.00479233,0,-402.161,371.329,89.2898
1025,408,0.00477612,0,-538.194,393.478,91.6396
659,402,0.00471976,0,-595.336,661.73,96.6629
724,493,0.00470746,0.172294,-275.882,597.271,88.9902
212,89,0.00470085,0,-327.412,549.995,93.609
750,294,0.00468897,0,-499.17,570.478,95.8665
1128,1069,0.00467563,0.0466711,-186.657,20.046,87.4673
380,27,0.00466926,0,-421.657,227.952,88.8596
525,250,0.00466853,0,-425.101,639.164,91.384
742,397,0.00465839,0,-582.254,603.568,97.9939
1137,422,0.00465735,0,-491.303,464.729,93.2954
588,458,0.00465116,0,-367.052,628.292,91.2236
1035,357,0.00462963,0,-523.74,333.222,91.9009
790,664,0.00456737,0,-261.006,430.815,96.8874
840,169,0.00456621,0,-247.36,472.448,93.6511
837,470,0.00456413,0,-320.446,502.78,94.5036
498,404,0.00455466,0,-554.553,660.368,95.6926
346,274,0.00450082,0.274051,-734.552,690.95,97.1029
1427,409,0.00444774,0,-72.6394,109.421,92.5457
220,136,0.00444664,0,-331.93,625.659,91.2977
1503,1447,0.00443787,0,515.585,-573.08,78.8454
1232,235,0.00443787,0,-231.338,254.21,86.1615
922,422,0.00443038,0,-538.719,414.424,95.1001
362,193,0.00442478,0,-559.745,658.332,95.5705
555,165,0.00441919,0.00177547,-199.605,599.67,88.443
964,301,0.0044164,0,-468.816,348.291,89.4412
732,317,0.00441393,0,-492.467,615.261,91.9931
1166,937,0.00440852,0,-242.178,37.2004,86.3274
1124,1009,0.00440252,0.00896342,-191.384,25.1374,87.6735
297,146,0.00437637,0,-425.363,642.08,92.8888
601,181,0.0043592,0,-264.316,611.437,89.4128
353,151,0.00433109,0,-500.426,649.057,96.8568
558,418,0.00432633,0,-516.263,657.604,93.2182
421,332,0.00432484,0.413716,-694.987,689.036,94.5502
787,343,0.00428535,0,-529.188,504.187,101.459
777,401,0.00426136,0,-572.188,521.758,103.568
669,151,0.00423985,0.154649,-224.739,585.652,89.3358
747,681,0.00421585,0.268936,-285.55,496.545,91.7386
991,876,0.0041816,0,-292.796,126.479,92.8287
1405,187,0.00417885,0,137.221,123.241,86.819
485,227,0.00414365,0,-404.106,638.704,91.3314
663,261,0.00409117,0,-475.077,640.476,89.85
517,412,0.00404858,0,-479.146,650.828,93.7836
769,153,0.0040404,0,-239.891,483.081,96.1515
1198,15,0.00403551,0.0319474,-154.048,-106.09,80.6359
1202,724,0.00402145,0,-150.072,201.367,83.1289
1465,261,0.003996,0,-109.177,69.7814,84.7063
793,280,0.00398903,0,-463.883,474.12,100.913
773,288,0.00398406,0,-508.489,509.373,99.0241
1463,999,0.00396825,0,98.2552,-287.744,78.998
1092,133,0.00394011,0,-125.215,304.118,88.7429
1163,878,0.00391645,0,-286.9,166.035,96.1096
982,317,0.0038961,0,-483.658,365.267,88.8802
1505,885,0.0038835,0,-104.805,-48.3736,90.1587
1379,753,0.00386266,0,173.88,85.1258,89.7656
209,27,0.00385769,0,-309.043,358.336,87.5658
468,307,0.00384431,0,-543.025,662.828,93.2623
319,205,0.00383325,0,-536.3,661.571,92.895
994,324,0.00382409,0,-473.122,348.288,88.6203
862,401,0.00381001,0,-550.539,491.896,104.303
1046,502,0.00380711,0,-240.311,314.854,84.7684
1127,923,0.00377121,0,-286.363,101.768,95.8515
865,420,0.00376028,0,-482.9,468.324,100.678
1460,503,0.0037594,0,96.8136,61.0967,82.9615
771,342,0.0037464,0,-539.082,522.316,99.8633
244,25,0.00373533,0,-389.865,340.597,87.586
1221,250,0.00371747,0,-332.383,327.311,87.3532
1195,8,0.0037037,0.0177308,-150.348,-107.276,80.9266
829,771,0.00369004,0.0175724,-249.613,281.847,102.263
717,271,0.00362538,0,-451.552,631.407,90.4988
1112,410,0.00361882,0,-576.221,520.439,98.0349
128,67,0.00361011,0,-113.416,372.567,95.2496
1346,1239,0.00361011,0,344.368,-194.834,78.6136
810,273,0.00359389,0,-488.652,494.72,97.801
799,325,0.00357249,0,-462.757,469.065,100.938
230,153,0.00356779,0,-348.413,626.844,91.4944
764,254,0.00356506,0,-456.914,531.414,96.8697
990,255,0.00355872,0,-437.854,366.106,87.6928
136,6,0.00354251,0,-165.319,253.665,85.5174
1409,752,0.00349895,0,197.725,3.80942,90.8468
173,9,0.00349476,0,-279.561,370.745,86.7283
217,27,0.00347675,0,-333.006,353.895,87.7297
699,196,0.0034622,0.233377,-320.727,614.127,89.097
273,222,0.00346192,0,-572.944,666.362,92.8805
110,54,0.00344086,0,-127.49,279.431,94.3007
1020,871,0.00343249,0,-271.494,120.212,93.7931
971,902,0.00341997,0,-332.296,61.5988,89.4616
1432,1007,0.00340314,0,249.8,-307.234,83.5597
1099,709,0.00340136,0,-212.725,379.083,90.0396
757,250,0.00339443,0,-460.837,557.018,95.6816
352,233,0.00338328,0,-675.271,679.054,97.6469
1470,261,0.00337838,0,-144.862,99.0319,84.9294
113,35,0.00336862,0,-138.743,217.81,87.0688
1019,753,0.00335758,0,-255.787,211.773,89.7962
779,198,0.00332992,0,-316.805,458.329,98.2731
151,29,0.00327225,0,-183.502,350.885,87.3732
1151,317,0.00324886,0,-501.976,460.944,94.1987
1141,648,0.00324886,0,-222.333,391.398,89.8844
1161,905,0.00324851,0,-334.693,103.605,94.0095
363,186,0.00321802,0,-555.555,657.746,95.3534
457,162,0.00319319,0,-366.298,628.878,90.0326
188,127,0.00317173,0,-264.111,596.971,90.3834
163,33,0.00316456,0,-218.099,348.51,85.9976
1031,922,0.00315657,0,-305.062,46.6424,89.7896
129,51,0.00314465,0,-121.9,321.755,92.1129
392,274,0.00309358,0.0387151,-742.189,693.23,96.8344
1380,871,0.00307018,0,160.818,-2.769,93.4362
867,783,0.00305966,0.388503,-285.095,268.881,106.01
518,338,0.00305927,0,-466.205,650.185,93.4843
484,287,0.00305677,0,-505.742,658.003,92.586
203,130,0.00303688,0,-263.306,602.177,90.2024
599,415,0.00299625,0,-527.847,657.945,93.492
175,27,0.00294985,0,-264.381,337.653,86.5063
430,305,0.0029383,0.19969,-666.468,682.68,93.5385
1443,954,0.00290276,0,196.415,-301.933,82.9738
1008,286,0.00287853,0,-469.718,344.026,88.4778
998,304,0.00287191,0,-471.91,346.921,88.5142
1177,435,0.0028715,0,-381.699,338.603,88.3252
399,197,0.00285987,0,-612.526,667.228,97.0536
402,151,0.00278662,0,-515.123,652.149,97.0419
1023,896,0.00278396,0,-332.015,75.7449,91.4914
1160,977,0.00277932,0.122308,-189.992,-1.12015,84.86
705,244,0.00272331,0,-419.74,634.242,90.3357
1401,417,0.00270636,0,-84.7982,205.911,89.4917
153,39,0.00269815,0,-182.406,376.058,88.803
1428,355,0.0026862,0,-18.9273,38.324,93.8344
165,71,0.00265393,0,-215.58,461.899,92.3106
948,626,0.00262467,0,-211.013,337.739,88.863
131,47,0.00259875,0,-125.564,317.543,90.5695
76,16,0.00257865,0,-187.304,66.9695,89.1753
828,322,0.00254885,0,-514.045,516.533,97.1046
744,474,0.00252685,0,-327.41,561.226,92.0719
716,266,0.00252366,0,-445.837,632.153,90.1989
776,416,0.00252313,0,-518.689,516.764,99.7022
1156,205,0.00250627,0,-290.304,422.018,91.5291
993,189,0.00246154,0,-294.954,318.346,86.3998
968,338,0.00245098,0,-508.182,386.105,89.5874
1155,1016,0.00243754,0.0825863,-188.938,9.84921,86.1196
986,26,0.00242424,0.701897,-207.334,-27.9048,81.4877
816,323,0.00240154,0,-495.703,504.34,96.9776
315,206,0.002331,0,-529.57,660.733,92.8647
1256,666,0.00231481,0,-77.3148,262.673,82.7195
496,27,0.00228519,0,-254.908,334.144,86.3245
381,181,0.00225564,0,-516.571,652.889,94.0504
296,210,0.00224719,0,-538.009,663.035,93.3917
240,168,0.00223464,0,-407.184,636.298,90.6461
107,10,0.00217108,0,-173.043,157.274,86.2875
636,257,0.00209908,0,-433.056,641.16,90.6261
863,401,0.00204551,0,-550.911,489.012,104.406
736,338,0.00197316,0,-529.416,615.539,92.6446
694,234,0.00195185,0,-402.939,621.157,89.6465
521,401,0.00191663,0,-523.53,653.994,97.2728
855,753,0.00186368,0.00686067,-260.17,343.775,102.46
293,179,0.00184758,0,-523.688,659.544,92.7758
1328,260,0.00182815,0,-221.64,366.498,86.574
1416,794,0.00173712,0,222.949,-98.1919,95.7059
261,28,0.00158311,0,-444.167,367.054,87.4816
524,24,0.00152323,0,-179.691,228.496,84.2955
224,7,0.00146484,0,-397.807,409.403,88.7177
1383,273,0.00142993,0,-18.8992,203.358,87.4811
108,21,0.00133452,0,-180.59,130.869,85.2031
543,432,0.00127714,0,-438.506,645.729,91.3107
1158,867,0.00119689,0,-247.693,186.254,100.928
1015,166,0.00116891,0,-242.969,307.488,84.9151
181,71,0.00115274,0,-280.914,484.796,93.4761
873,294,0.00112391,0,-508.482,459.243,100.226
